   -1.29588e-20 -1 1.64323  -4.30281e-20   1
   5.84     -13.9981 -6.54813e-10 0.552736  0.999614   -3.63818e-08
   5.9     -14.0042 6.82765e-11 0.534881  0.999621   -2.94139e-08
   5.96     -13.9924 3.77035e-10 0.539432  0.999819   -2.37288e-08
   6.02     -13.9699 3.84486e-10 0.538224  0.999845   -2.02584e-08
   6.08     -13.9603 3.29839e-10 0.541302  0.999495   -1.92991e-08
   6.14     -13.966 4.38514e-10 0.540596  0.99982   -1.84757e-08
   6.2     -13.983 7.47653e-10 0.539129  0.99991   -1.80778e-08
   6.26     -13.9915 9.28532e-10 0.540148  0.999603   -1.78687e-08
   6.32     -13.9909 9.36503e-10 0.540124  0.999655   -1.77386e-08
   6.38     -13.9511 2.42051e-10 0.538704  0.977633   -1.72815e-08
   6.44     -13.8923 -7.84645e-10 0.498985  0.829718   -1.46295e-08
   6.5     -13.8451 -1.60716e-09 0.428338  0.585202   -1.0296e-08
   6.56     -13.8101 -2.21471e-09 0.355175  0.325111   -5.71265e-09
   6.62     -13.7781 -2.77115e-09 0.298396  0.115189   -2.02097e-09
   6.68     -13.7355 -3.52467e-09 0.270884  0.0253798   -4.34351e-10
   6.74     -13.6858 -4.39884e-09 0.229821  -0.114963   2.02879e-09
   6.8     -13.6479 -5.06502e-09 0.176191  -0.326901   5.7573e-09
   6.86     -13.6364 -5.26525e-09 0.151808  -0.498117   8.75472e-09
   6.92     -13.6478 -5.0649e-09 0.145768  -0.613491   1.07775e-08
   6.98     -13.6669 -4.72875e-09 0.141897  -0.683767   1.20117e-08
   7.04     -13.6911 -4.30324e-09 0.138456  -0.72591   1.27511e-08
   7.1     -13.7172 -3.84445e-09 0.134987  -0.756952   1.3296e-08
   7.16     -13.7401 -3.44373e-09 0.136738  -0.78959   1.38674e-08
   7.22     -13.7461 -3.35353e-09 0.131811  -0.770741   1.34802e-08
   7.28     -13.7507 -3.28259e-09 0.14327  -0.640031   1.12235e-08
   7.34     -13.7644 -3.04405e-09 0.15795  -0.446995   7.83765e-09
   7.4     -13.791 -2.57689e-09 0.173515  -0.176796   3.09565e-09
   7.46     -13.8359 -1.78763e-09 0.184002  0.176601   -3.10583e-09
   7.52     -13.8896 -8.47409e-10 0.232499  0.453752   -7.95782e-09
   7.58     -13.9135 -4.30764e-10 0.254755  0.53167   -9.31991e-09
   7.64     -13.9163 -3.8297e-10 0.254341  0.532313   -9.33047e-09
   7.7     -13.8974 -7.14095e-10 0.233659  0.457693   -8.02035e-09
   7.76     -13.8772 -1.06766e-09 0.221074  0.394212   -6.91253e-09
   7.82     -13.8755 -1.09641e-09 0.226629  0.434893   -7.62821e-09
   7.88     -13.868 -1.22845e-09 0.229485  0.445111   -7.80784e-09
   7.94     -13.8622 -1.33135e-09 0.230298  0.448111   -7.86019e-09
   8     -13.8597 -1.37502e-09 0.230397  0.448584   -7.86907e-09
   8.06     -13.8555 -1.44864e-09 0.228898  0.429817   -7.53984e-09
   8.12     -13.8556 -1.44768e-09 0.248172  0.457716   -8.02989e-09
   8.18     -13.8569 -1.16058e-05 0.271237  0.424373   0.122173
   8.24     -13.8668 0.000472812 0.304914  0.265139   0.456898
   8.3     -13.8843 0.00118634 0.339919  0.139878   0.711973
   8.36     -13.9063 0.00169614 0.373659  -0.024184   0.87206
   8.42     -13.9318 0.00153925 0.404072  0.258298   0.694338
   8.48     -13.96 0.0011353 0.430984  0.517985   0.42916
   8.54     -13.9903 0.000388179 0.454641  0.847236   0.122015
   8.6     -14.0185 0.000487639 0.473191  0.992827   -0.0527409
   8.66     -14.0018 3.70287e-05 0.554021  0.954631   -0.0576462
   8.72     -14.0034 5.84292e-05 0.535775  0.980284   -0.0232189
   8.78     -14.0033 -5.7387e-07 0.502884  0.998546   -0.00215926
   8.84     -13.9951 -0.000183757 0.505569  0.999989   0.00250263
   8.9     -13.9825 -0.000273598 0.506151  0.999624   0.00243491
   8.96     -13.9642 -0.000321548 0.505728  0.997989   0.00241631
   9.02     -13.9384 -0.000389242 0.50383  0.993433   0.00241072
   9.08     -13.9033 -0.000485661 0.499053  0.982868   0.00239442
   9.14     -13.8694 -0.000578935 0.49842  0.96828   0.00243147
   9.2     -13.8503 -0.000631292 0.499453  0.958401   0.00245751
   9.26     -13.8421 -0.000653934 0.499562  0.95391   0.00246941
   9.32     -13.8437 -0.000649426 0.499421  0.955158   0.00246572
   9.38     -13.855 -0.00061798 0.498949  0.961879   0.00244694
   9.44     -13.876 -6.33843e-05 0.497101  0.973921   0.00382175
   9.5     -13.8984 0.0038105 0.499621  0.985225   0.0103141
   9.56     -13.9049 0.00983299 0.500999  0.988137   0.00971731
   9.62     -13.9008 0.00920432 0.490437  0.987505   -0.0111329
   9.68     -13.8842 -0.003534 0.498504  0.986581   -0.00444327
   9.74     -13.8546 -0.00792169 0.487751  0.975786   0.0305106
   9.8     -13.8312 0.00471753 0.495078  0.989902   0.00363433
   9.86     -13.8095 0.00619515 0.486985  0.9939   -0.00308753
   9.92     -13.7903 -0.00785327 0.498318  0.996394   0.00995317
   9.98     -13.7616 -0.0136762 0.487027  0.99485   0.0488347
   10.04     -13.7375 0.00427381 0.50046  0.998982   0.0225991
   10.1     -13.702 0.0147947 0.492298  0.998872   -0.0301814
   10.16     -13.654 0.00479458 0.499611  0.9985   -0.0130327
   10.22     -13.6039 0.0015578 0.488506  0.99521   0.0148111
   10.28     -13.5713 0.0129709 0.496757  0.996906   0.00200188
   10.34     -13.5358 0.0140382 0.488449  0.995543   -0.0187827
   10.4     -13.5075 -0.00347594 0.497838  0.997611   -0.00974064
   10.46     -13.474 -0.0107216 0.489343  0.996976   0.00974789
   10.52     -13.443 -0.00096435 0.499092  0.998237   0.00599941
   10.58     -13.4076 0.000565075 0.490185  0.997338   -0.0135239
   10.64     -13.3749 -0.008289 0.499383  0.998386   -0.00250577
   10.7     -13.3318 -0.00946945 0.485779  0.99587   0.0471585
   10.76     -13.296 0.00380898 0.496493  0.998516   0.0149249
   10.82     -13.2589 0.00831063 0.488611  0.99799   -0.0135921
   10.88     -13.2285 -0.00122591 0.497637  0.999093   -0.00760963
   10.94     -13.1935 -0.00309079 0.488641  0.998464   0.0122243
   11     -13.1626 0.00636943 0.498046  0.999322   0.00879136
   11.06     -13.1269 0.0067682 0.489184  0.998781   -0.0100333
   11.12     -13.0936 -0.00724272 0.498294  0.999361   -0.00531295
   11.18     -13.0565 -0.0128301 0.489313  0.998596   0.0141699
   11.24     -13.0244 -0.00545221 0.498517  0.999322   0.011824
   11.3     -12.9874 -0.00625697 0.48924  0.998706   -0.00790982
   11.36     -12.9539 -0.0177848 0.498048  0.999291   -0.00315722
   11.42     -12.9168 -0.020192 0.488828  0.998451   0.0160701
   11.48     -12.8847 -0.00963078 0.498068  0.999221   0.0132954
   11.54     -12.8476 -0.00758753 0.488896  0.998571   -0.00650263
   11.6     -12.815 -0.0171351 0.498146  0.99927   -0.00248742
   11.66     -12.7785 -0.0186014 0.48897  0.998452   0.0173055
   11.72     -12.7466 -0.00866743 0.497957  0.999249   0.0136739
   11.78     -12.71 -0.00822688 0.488886  0.998689   -0.00728062
   11.84     -12.6764 -0.0222167 0.498001  0.99928   -0.00229483
   11.9     -12.6389 -0.0276066 0.488906  0.998359   0.0172282
   11.96     -12.6075 -0.0200031 0.498183  0.999537   0.00699042
   12.02     -12.5715 -0.0205652 0.4891  0.999092   -0.0164875
   12.08     -12.5386 -0.0316043 0.498171  0.999568   -0.0139875
   12.14     -12.5021 -0.0339918 0.489068  0.998833   0.0139566
   12.2     -12.4701 -0.0245186 0.498336  0.999323   0.0161569
   12.26     -12.4335 -0.0230796 0.489204  0.998849   -0.00349195
   12.32     -12.4007 -0.0321711 0.498447  0.999437   -0.000268319
   12.38     -12.3642 -0.0332199 0.489256  0.998647   0.0194644
   12.44     -12.3319 -0.0230942 0.498103  0.99933   0.0162755
   12.5     -12.2948 -0.0226127 0.488947  0.998836   -0.00474554
   12.56     -12.2609 -0.0367488 0.497968  0.999357   0.000189512
   12.62     -12.2231 -0.0421474 0.488795  0.998383   0.0196559
   12.68     -12.1917 -0.0343254 0.49809  0.999237   0.0164572
   12.74     -12.1561 -0.034613 0.489081  0.998829   -0.00329921
   12.8     -12.1234 -0.0452695 0.498253  0.999416   -0.000607547
   12.86     -12.0871 -0.0476915 0.489179  0.998649   0.0190099
   12.92     -12.055 -0.0388222 0.498358  0.999314   0.0173769
   12.98     -12.0181 -0.0380654 0.489167  0.998845   -0.00239909
   13.04     -11.985 -0.0478843 0.498345  0.999415   0.000976281
   13.1     -11.9482 -0.0496642 0.489132  0.998555   0.0207575
   13.16     -11.9161 -0.04022 0.498091  0.999288   0.0172042
   13.22     -11.8791 -0.0397229 0.488903  0.998798   -0.00222876
   13.28     -11.8457 -0.0526019 0.49799  0.999366   0.00254979
   13.34     -11.8084 -0.0570535 0.488929  0.998409   0.0220686
   13.4     -11.7768 -0.0487416 0.498143  0.999209   0.0194051
   13.46     -11.7407 -0.048503 0.489068  0.998824   -0.000415668
   13.52     -11.708 -0.0586955 0.49829  0.999408   0.00263477
   13.58     -11.6716 -0.0609347 0.489192  0.998566   0.0224316
   13.64     -11.6396 -0.0523013 0.498333  0.999245   0.0209009
   13.7     -11.6029 -0.0517736 0.48915  0.998685   -0.00577
   13.76     -11.5697 -0.0618752 0.498337  0.999221   -0.00590608
   13.82     -11.5328 -0.0638987 0.489131  0.998418   0.0139107
   13.88     -11.5008 -0.054729 0.498145  0.999219   0.010239
   13.94     -11.4638 -0.0542239 0.488955  0.998529   -0.00906912
   14     -11.4306 -0.0669013 0.498051  0.999197   -0.00405257
   14.06     -11.3935 -0.0713041 0.489042  0.998328   0.015507
   14.12     -11.3618 -0.0631659 0.498259  0.999164   0.0130137
   14.18     -11.3254 -0.0630814 0.489108  0.998571   -0.00667144
   14.24     -11.2924 -0.0734914 0.498218  0.999212   -0.00353378
   14.3     -11.2558 -0.0758327 0.489075  0.998389   0.0161771
   14.36     -11.2238 -0.0670799 0.498243  0.999165   0.0143224
   14.42     -11.187 -0.0663641 0.489058  0.998561   -0.00554518
   14.48     -11.154 -0.0762323 0.498275  0.999217   -0.0020041
   14.54     -11.1172 -0.078024 0.489101  0.998347   0.0177974
   14.6     -11.0852 -0.068565 0.498094  0.999167   0.0141735
   14.66     -11.0483 -0.0680349 0.488939  0.998565   -0.00504268
   14.72     -11.0149 -0.0813502 0.498041  0.999195   0.000204873
   14.78     -10.9777 -0.0862983 0.489018  0.998238   0.0196973
   14.84     -10.946 -0.0785476 0.498269  0.999094   0.017217
   14.9     -10.9097 -0.0789225 0.489112  0.9986   -0.00267613
   14.96     -10.8765 -0.0897603 0.498177  0.999215   0.000364894
   15.02     -10.8399 -0.0922026 0.489059  0.998327   0.0198489
   15.08     -10.8079 -0.0830767 0.498263  0.99911   0.0178703
   15.14     -10.7711 -0.0819953 0.489077  0.998573   -0.00202407
   15.2     -10.7381 -0.09153 0.498301  0.999223   0.00155088
   15.26     -10.7014 -0.092993 0.489127  0.998296   0.0212627
   15.32     -10.6693 -0.0831667 0.498046  0.999104   0.017838
   15.38     -10.6323 -0.0827259 0.488871  0.998567   -0.0035351
   15.44     -10.5985 -0.0963048 0.497972  0.999167   0.00163209
   15.5     -10.561 -0.10132 0.488878  0.998129   0.0210447
   15.56     -10.5297 -0.0934837 0.498169  0.999051   0.0181455
   15.62     -10.4937 -0.0937532 0.489079  0.998593   -0.00173279
   15.68     -10.4606 -0.104519 0.498147  0.999213   0.00108407
   15.74     -10.424 -0.10661 0.489043  0.998318   0.0203729
   15.8     -10.3921 -0.096742 0.498251  0.999102   0.0182649
   15.86     -10.3555 -0.0951912 0.489135  0.9986   -0.00172994
   15.92     -10.3225 -0.10457 0.498388  0.999243   0.00181336
   15.98     -10.2858 -0.105865 0.489203  0.998322   0.0214447
   16.04     -10.2537 -0.0959064 0.498098  0.999124   0.0180078
   16.1     -10.2168 -0.0953037 0.488954  0.998608   -0.00317717
   16.16     -10.1829 -0.108999 0.498023  0.999182   0.0019924
   16.22     -10.1452 -0.11409 0.488912  0.998128   0.0213666
   16.28     -10.1138 -0.106148 0.498171  0.999048   0.0183859
   16.34     -10.0779 -0.106334 0.489104  0.998609   -0.00165516
   16.4     -10.0449 -0.116956 0.498213  0.999227   0.00115103
   16.46     -10.0083 -0.119069 0.489112  0.998339   0.0205081
   16.52     -9.97632 -0.109551 0.498288  0.999105   0.0185885
   16.58     -9.9395 -0.108153 0.4891  0.998584   -0.00142746
   16.64     -9.90637 -0.11751 0.498308  0.999224   0.00210087
   16.7     -9.86957 -0.118777 0.489103  0.998268   0.0217293
   16.76     -9.83758 -0.108836 0.498049  0.999096   0.0180986
   16.82     -9.80064 -0.108012 0.488896  0.998568   -0.00333383
   16.88     -9.76709 -0.12097 0.497996  0.999183   0.00174547
   16.94     -9.72969 -0.125447 0.488929  0.998157   0.02113
   17     -9.6982 -0.117133 0.498157  0.999054   0.0183508
   17.06     -9.66207 -0.116901 0.489072  0.998587   -0.00169613
   17.12     -9.62907 -0.127148 0.498227  0.99922   0.00134424
   17.18     -9.59253 -0.129215 0.489103  0.998313   0.0208705
   17.24     -9.56061 -0.120177 0.498284  0.999094   0.0190007
   17.3     -9.52383 -0.119082 0.489093  0.998585   -0.000884058
   17.36     -9.49073 -0.128554 0.498302  0.999225   0.0026069
   17.42     -9.45395 -0.129926 0.489108  0.998264   0.0221877
   17.48     -9.42199 -0.120054 0.498068  0.999094   0.018566
   17.54     -9.38509 -0.119319 0.488925  0.998583   -0.00295098
   17.6     -9.3515 -0.132304 0.498019  0.999185   0.0095726
   17.66     -9.31407 -0.136798 0.48895  0.997942   0.0326577
   17.72     -9.28258 -0.128459 0.498172  0.999178   0.0218107
   17.78     -9.24651 -0.128245 0.48909  0.998949   -0.00247155
   17.84     -9.21342 -0.138518 0.49821  0.999478   0.000312829
   17.9     -9.17676 -0.140455 0.48907  0.998153   0.0266447
   17.96     -9.14483 -0.131064 0.498257  0.998711   0.0280875
   18.02     -9.10804 -0.129655 0.489057  0.998312   0.00801565
   18.08     -9.07491 -0.138928 0.498242  0.998986   0.0115085
   18.14     -9.03805 -0.140084 0.489031  0.997764   0.0310793
   18.2     -9.00615 -0.130082 0.498039  0.998709   0.0272056
   18.26     -8.96924 -0.128896 0.488869  0.998144   0.000892721
   18.32     -8.93591 -0.141518 0.497989  0.998808   0.00272951
   18.38     -8.89874 -0.145826 0.488962  0.997661   0.0221588
   18.44     -8.86722 -0.137568 0.498204  0.998685   0.019463
   18.5     -8.83097 -0.137404 0.489079  0.998119   -0.000706218
   18.56     -8.79776 -0.14776 0.498163  0.998842   0.00241848
   18.62     -8.76101 -0.149701 0.489008  0.99776   0.0216864
   18.68     -8.72915 -0.140157 0.498203  0.998706   0.0193957
   18.74     -8.69245 -0.138658 0.489032  0.99808   -0.000596685
   18.8     -8.65946 -0.147943 0.498273  0.999041   0.0109315
   18.86     -8.62279 -0.149103 0.489092  0.99791   0.0343277
   18.92     -8.59095 -0.139134 0.498094  0.998788   0.0307048
   18.98     -8.55417 -0.13814 0.488963  0.998545   0.00902946
   19.04     -8.52055 -0.15067 0.498042  0.999102   0.0138429
   19.1     -8.4831 -0.154747 0.488971  0.997845   0.0330857
   19.16     -8.45158 -0.146157 0.498201  0.998759   0.0302734
   19.22     -8.41546 -0.14562 0.489093  0.998527   0.0101319
   19.28     -8.38234 -0.155629 0.498181  0.999129   0.0129745
   19.34     -8.34565 -0.157252 0.489019  0.997974   0.0322315
   19.4     -8.31377 -0.147512 0.498207  0.998789   0.0301298
   19.46     -8.27706 -0.145822 0.489028  0.998492   0.0101361
   19.52     -8.24407 -0.155002 0.498271  0.999122   0.0136515
   19.58     -8.20737 -0.156042 0.489078  0.997946   0.0330839
   19.64     -8.17547 -0.145923 0.498054  0.998816   0.0294245
   19.7     -8.13863 -0.144894 0.488917  0.998537   0.00781017
   19.76     -8.10505 -0.157631 0.498008  0.999108   0.0127538
   19.82     -8.06761 -0.161864 0.488931  0.997867   0.0319295
   19.88     -8.03628 -0.153556 0.498212  0.999054   0.0205416
   19.94     -8.00044 -0.15321 0.489157  0.998698   -0.00342081
   20     -7.96741 -0.163309 0.498252  0.999219   0.00703702
   20.06     -7.93086 -0.164963 0.489137  0.998066   0.0301819
   20.12     -7.8988 -0.155282 0.498321  0.998846   0.0282732
   20.18     -7.86192 -0.153709 0.489102  0.998498   0.00769729
   20.24     -7.82881 -0.162933 0.498245  0.999122   0.0111096
   20.3     -7.7926 -0.164093 0.489143  0.998027   0.0305741
   20.36     -7.76073 -0.154414 0.498195  0.99882   0.0288728
   20.42     -7.72401 -0.152999 0.489044  0.998501   0.00903059
   20.48     -7.69075 -0.162768 0.498281  0.999113   0.0125938
   20.54     -7.65377 -0.164361 0.489061  0.99791   0.0319501
   20.6     -7.62194 -0.154716 0.49803  0.998811   0.0280581
   20.66     -7.58512 -0.15364 0.488871  0.99846   0.00830789
   20.72     -7.55186 -0.165688 0.497998  0.999076   0.0131958
   20.78     -7.51469 -0.169426 0.488982  0.99785   0.0322722
   20.84     -7.48324 -0.160849 0.498216  0.998765   0.0295812
   20.9     -7.44715 -0.16028 0.489119  0.99852   0.00945166
   20.96     -7.41394 -0.170227 0.49819  0.999119   0.0121689
   21.02     -7.37716 -0.171705 0.489014  0.997966   0.0311694
   21.08     -7.34531 -0.161734 0.49817  0.998794   0.0289279
   21.14     -7.30878 -0.159843 0.489051  0.998489   0.00855847
   21.2     -7.27574 -0.168736 0.498287  0.999125   0.0118385
   21.26     -7.23896 -0.169467 0.489069  0.997962   0.031089
   21.32     -7.20712 -0.159027 0.498003  0.998846   0.0272795
   21.38     -7.1703 -0.157607 0.488873  0.998489   0.00732722
   21.44     -7.13673 -0.169772 0.497969  0.999081   0.0120185
   21.5     -7.09921 -0.173347 0.488863  0.997817   0.0309741
   21.56     -7.06785 -0.164277 0.498061  0.998774   0.027915
   21.62     -7.03205 -0.163225 0.48905  0.998517   0.00736599
   21.68     -6.99912 -0.172646 0.498254  0.999151   0.0100987
   21.74     -6.96255 -0.173926 0.48909  0.998048   0.0292217
   21.8     -6.93071 -0.164303 0.498213  0.998861   0.0272086
   21.86     -6.89401 -0.162661 0.489048  0.998507   0.00679762
   21.92     -6.86075 -0.171758 0.498227  0.998877   0.0175212
   21.98     -6.8237 -0.17267 0.488973  0.997247   0.0404562
   22.04     -6.79189 -0.162407 0.497958  0.998285   0.0362605
   22.1     -6.75508 -0.160823 0.488803  0.998003   0.0162393
   22.16     -6.72189 -0.172505 0.497934  0.998684   0.0211301
   22.22     -6.68468 -0.17582 0.488887  0.997198   0.0400544
   22.28     -6.65337 -0.166822 0.498135  0.998257   0.037056
   22.34     -6.61744 -0.165791 0.489086  0.998099   0.0166481
   22.4     -6.58444 -0.175275 0.498234  0.998783   0.0194255
   22.46     -6.54773 -0.176546 0.489052  0.997404   0.0383197
   22.52     -6.51601 -0.166827 0.498201  0.998343   0.0359222
   22.58     -6.47944 -0.165022 0.489042  0.998091   0.0153753
   22.64     -6.44631 -0.173875 0.498239  0.998785   0.0186422
   22.7     -6.40936 -0.174548 0.489  0.997378   0.0376649
   22.76     -6.37761 -0.164122 0.498023  0.998406   0.0334133
   22.82     -6.34091 -0.162363 0.488887  0.99809   0.0132494
   22.88     -6.30767 -0.173826 0.497982  0.998768   0.0179656
   22.94     -6.27035 -0.176952 0.488915  0.997331   0.0367057
   23     -6.2391 -0.16787 0.498201  0.998394   0.0335211
   23.06     -6.20333 -0.166759 0.489154  0.998187   0.0129618
   23.12     -6.17015 -0.176179 0.498209  0.998408   0.0223205
   23.18     -6.1333 -0.177032 0.488991  0.996484   0.0444363
   23.24     -6.10158 -0.166361 0.498186  0.997848   0.0344757
   23.3     -6.06531 -0.163885 0.489121  0.997474   0.010185
   23.36     -6.03227 -0.172363 0.498351  0.998212   0.0210578
   23.42     -5.99536 -0.172635 0.489073  0.996442   0.0436287
   23.48     -5.96338 -0.161832 0.497973  0.997623   0.0393224
   23.54     -5.92651 -0.16 0.488809  0.997239   0.0191801
   23.6     -5.89309 -0.171731 0.497888  0.998039   0.024077
   23.66     -5.85553 -0.174949 0.488748  0.996244   0.0427313
   23.72     -5.8241 -0.166001 0.498018  0.997542   0.0391853
   23.78     -5.7877 -0.164943 0.48885  0.997185   0.0186574
   23.84     -5.75464 -0.174945 0.497822  0.998026   0.0235723
   23.9     -5.71774 -0.175732 0.488614  0.996357   0.0417742
   23.96     -5.68607 -0.164098 0.497934  0.997578   0.0382464
   24.02     -5.64948 -0.160529 0.488825  0.99716   0.0173127
   24.08     -5.61693 -0.168336 0.498077  0.998114   0.0209957
   24.14     -5.58027 -0.167898 0.488827  0.996496   0.0394316
   24.2     -5.54846 -0.156452 0.497757  0.997707   0.0349541
   24.26     -5.51179 -0.154194 0.488642  0.997239   0.0148628
   24.32     -5.47857 -0.165945 0.4978  0.998096   0.0197711
   24.38     -5.4411 -0.169115 0.48866  0.996363   0.0382187
   24.44     -5.40281 -0.159253 0.506761  0.996576   0.0365442
   24.5     -5.36963 -0.151949 0.493581  0.999473   -0.0281545
   24.56     -5.30912 -0.163685 0.505334  0.997382   -0.0211094
   24.62     -5.24261 -0.170154 0.496553  0.992062   0.0398899
   24.68     -5.17907 -0.158899 0.50354  0.986177   0.0344121
   24.74     -5.12366 -0.155117 0.491561  0.984978   0.00671931
   24.8     -5.08084 -0.167302 0.500811  0.990681   0.0228829
   24.86     -5.04583 -0.170655 0.492929  0.995436   0.0461711
   24.92     -5.00091 -0.156039 0.504828  0.994833   0.0446038
   24.98     -4.95109 -0.148471 0.494958  0.995751   0.0127871
   25.04     -4.90144 -0.160192 0.503612  0.994744   0.0221516
   25.1     -4.85874 -0.164326 0.493629  0.995669   0.042059
   25.16     -4.80788 -0.154379 0.503372  0.993893   0.0432771
   25.22     -4.76118 -0.151161 0.493862  0.995351   0.025255
   25.28     -4.71042 -0.1604 0.502155  0.993799   0.0275864
   25.34     -4.66413 -0.162081 0.492561  0.99406   0.0468828
   25.4     -4.617 -0.145964 0.502134  0.993429   0.0394513
   25.46     -4.57349 -0.137651 0.493757  0.995503   0.0205012
   25.52     -4.52686 -0.149515 0.503619  0.994801   0.0260154
   25.58     -4.48428 -0.154048 0.494827  0.995696   0.0452289
   25.64     -4.43311 -0.144901 0.503815  0.993846   0.0474507
   25.7     -4.38559 -0.142659 0.493814  0.995193   0.0296884
   25.76     -4.3371 -0.151568 0.502945  0.994126   0.0329326
   25.82     -4.29447 -0.152612 0.494187  0.994881   0.0535878
   25.88     -4.24587 -0.138521 0.503615  0.993696   0.0517619
   25.94     -4.20157 -0.131895 0.494803  0.995709   0.0336647
   26     -4.14995 -0.140679 0.503174  0.994054   0.0333944
   26.06     -4.10217 -0.142484 0.49302  0.99385   0.0524848
   26.12     -4.05274 -0.13112 0.501658  0.992528   0.0396316
   26.18     -4.00857 -0.127142 0.492521  0.994432   0.0169563
   26.24     -3.96106 -0.141693 0.502237  0.993434   0.0230148
   26.3     -3.91708 -0.148311 0.49401  0.994368   0.0424682
   26.36     -3.87014 -0.134602 0.50376  0.993724   0.0359079
   26.42     -3.82729 -0.127849 0.494753  0.99582   0.0175039
   26.48     -3.77615 -0.134755 0.503671  0.994139   0.015212
   26.54     -3.72878 -0.134657 0.493686  0.993626   0.0407742
   26.6     -3.68036 -0.123769 0.502892  0.992036   0.0403637
   26.66     -3.63777 -0.12063 0.494217  0.99456   0.0203844
   26.72     -3.58746 -0.135112 0.502965  0.992847   0.0227804
   26.78     -3.54024 -0.141014 0.493532  0.993122   0.0420427
   26.84     -3.49317 -0.127426 0.50308  0.992468   0.0337666
   26.9     -3.45046 -0.121157 0.494244  0.994764   0.0155058
   26.96     -3.40003 -0.129535 0.503283  0.99308   0.0142676
   27.02     -3.35333 -0.130882 0.493521  0.993566   0.0332943
   27.08     -3.30275 -0.120088 0.502051  0.991779   0.0297201
   27.14     -3.25665 -0.116527 0.492514  0.993327   0.01076
   27.2     -3.20931 -0.130703 0.501883  0.991103   0.026402
   27.26     -3.16518 -0.136853 0.493509  0.991449   0.0506234
   27.32     -3.11885 -0.122865 0.50371  0.990827   0.0425555
   27.38     -3.07688 -0.115519 0.495017  0.993638   0.0239356
   27.44     -3.02658 -0.121667 0.504139  0.991895   0.0211466
   27.5     -2.97973 -0.120613 0.494232  0.990776   0.0467544
   27.56     -2.93002 -0.109581 0.503051  0.987971   0.0468867
   27.62     -2.8863 -0.106125 0.494141  0.990876   0.0267911
   27.68     -2.83745 -0.11866 0.503368  0.989322   0.0301387
   27.74     -2.79276 -0.123434 0.49438  0.990331   0.0494451
   27.8     -2.74332 -0.110694 0.503515  0.988544   0.0437687
   27.86     -2.69913 -0.104727 0.494538  0.991127   0.0253859
   27.92     -2.64813 -0.113204 0.503089  0.988948   0.026162
   27.98     -2.60067 -0.114645 0.49306  0.989179   0.0457835
   28.04     -2.55153 -0.102979 0.502006  0.987526   0.0389683
   28.1     -2.50751 -0.0981837 0.49305  0.990188   0.0204614
   28.16     -2.45851 -0.111978 0.502102  0.98856   0.0251184
   28.22     -2.41233 -0.117078 0.493073  0.989266   0.0452552
   28.28     -2.36625 -0.103265 0.503255  0.988645   0.0362675
   28.34     -2.32476 -0.0965386 0.49481  0.991838   0.0175086
   28.4     -2.27483 -0.10349 0.504044  0.986266   0.0239228
   28.46     -2.22803 -0.103055 0.494171  0.981824   0.0541659
   28.52     -2.17871 -0.0927343 0.503238  0.977576   0.0531573
   28.58     -2.1357 -0.0897276 0.494413  0.981784   0.0328989
   28.64     -2.08502 -0.100163 0.503174  0.978891   0.0328432
   28.7     -2.03736 -0.102778 0.493152  0.979286   0.0520426
   28.76     -1.98736 -0.0885965 0.501754  0.976514   0.0426932
   28.82     -1.94133 -0.0820189 0.492781  0.979392   0.0225319
   28.88     -1.89557 -0.0950907 0.502784  0.978723   0.0315331
   28.94     -1.85296 -0.0999192 0.494179  0.981227   0.0512001
   29     -1.8027 -0.0875763 0.50317  0.977931   0.0475476
   29.06     -1.75645 -0.0824737 0.493672  0.980631   0.0291458
   29.12     -1.70597 -0.0914865 0.50233  0.9728   0.0403604
   29.18     -1.65947 -0.0932303 0.49261  0.970963   0.0638582
   29.24     -1.61175 -0.0793536 0.502075  0.968928   0.0534556
   29.3     -1.56838 -0.0726295 0.493765  0.973603   0.033849
   29.36     -1.5205 -0.0845347 0.502819  0.971685   0.0399149
   29.42     -1.47695 -0.088159 0.493421  0.974068   0.0599176
   29.48     -1.42579 -0.0780041 0.50288  0.969811   0.0572871
   29.54     -1.37945 -0.0741732 0.493525  0.972939   0.0381972
   29.6     -1.32955 -0.0832555 0.502217  0.970059   0.0426276
   29.66     -1.28359 -0.0848741 0.492635  0.971295   0.0620529
   29.72     -1.23578 -0.0704385 0.502158  0.969163   0.0516109
   29.78     -1.1923 -0.0631664 0.493918  0.973747   0.0316419
   29.84     -1.14548 -0.076032 0.503667  0.972258   0.039705
   29.9     -1.10176 -0.0810187 0.494848  0.959557   0.0701118
   29.96     -1.04982 -0.0712262 0.503422  0.94421   0.0720581
   30.02     -1.00257 -0.0678396 0.493472  0.947901   0.0540507
   30.08     -0.955023 -0.0760512 0.50292  0.945572   0.0606681
   30.14     -0.912684 -0.0763687 0.494144  0.949551   0.0806566
   30.2     -0.863421 -0.0636421 0.503513  0.944932   0.074557
   30.26     -0.819085 -0.0578576 0.494827  0.950525   0.0550293
   30.32     -0.767847 -0.0672668 0.503268  0.945522   0.0581484
   30.38     -0.719531 -0.0692094 0.492874  0.91531   0.0840611
   30.44     -0.669288 -0.0580835 0.501444  0.891349   0.0752674
   30.5     -0.624344 -0.053666 0.492479  0.89834   0.0548741
   30.56     -0.57743 -0.0685233 0.501954  0.862915   0.0787506
   30.62     -0.533532 -0.0751213 0.493428  0.850901   0.104295
   30.68     -0.48573 -0.0619332 0.503087  0.845834   0.0876903
   30.74     -0.442657 -0.0552927 0.494232  0.856151   0.066353
   30.8     -0.391649 -0.0626192 0.502924  0.790871   0.080503
   30.86     -0.34363 -0.0624097 0.492635  0.759846   0.108341
   30.92     -0.292216 -0.050396 0.500845  0.747788   0.0989469
   30.98     -0.246167 -0.0453277 0.491512  0.75706   0.0798115
   31.04     -0.199536 -0.0591213 0.500932  0.753644   0.113401
   31.1     -0.156366 -0.0637282 0.492592  0.759131   0.151347
   31.16     -0.1092 -0.0488153 0.50332  0.75174   0.14603
   31.22     -0.0587864 -0.0383067 0.491688  0.755741   0.117249
   31.28     -0.0108897 -0.0384485 0.502579  0.753361   0.143953
   31.34     0.0311828 -0.030621 0.493155  0.757844   0.170041
   31.4     0.0800795 -0.0136057 0.502746  0.750722   0.139255
   31.46     0.132313 -0.00271784 0.492156  0.75395   0.0788231
   31.52     0.18311 -0.0121636 0.50319  0.748516   0.0728413
   31.58     0.227111 -0.0189302 0.492382  0.756513   0.0807076
   31.64     0.272145 -0.0212978 0.50202  0.757644   0.0433029
   31.7     0.312444 -0.0296078 0.493507  0.77304   0.00565498
   31.76     0.362238 -0.0468238 0.502683  0.761488   0.0108965
   31.82     0.407812 -0.0565324 0.493924  0.769485   0.031891
   31.88     0.456709 -0.0459845 0.50297  0.7638   0.0080947
   31.94     0.501444 -0.0433019 0.493899  0.771803   -0.0151774
   32     0.55251 -0.0582912 0.50246  0.759361   -0.00243658
   32.06     0.599627 -0.0663554 0.492547  0.764388   0.0243727
   32.12     0.649957 -0.0614947 0.501294  0.756039   0.0166759
   32.18     0.695975 -0.0635631 0.491716  0.76246   0.00043203
   32.24     0.743416 -0.0803924 0.501109  0.755929   0.0202479
   32.3     0.786906 -0.0897117 0.492766  0.765564   0.0487555
   32.36     0.834049 -0.0793779 0.502566  0.761152   0.0325685
   32.42     0.877523 -0.0769536 0.493917  0.771517   0.0125064
   32.48     0.928941 -0.0890109 0.502471  0.758769   0.0292643
   32.54     0.976438 -0.0942049 0.492461  0.761967   0.057168
   32.6     1.02675 -0.0863178 0.500927  0.753226   0.0460481
   32.66     1.07229 -0.0860542 0.491614  0.761117   0.0286384
   32.72     1.11831 -0.103773 0.500935  0.756967   0.052286
   32.78     1.15895 -0.11364 0.492663  0.769977   0.0755029
   32.84     1.20771 -0.104708 0.503387  0.762266   0.0623549
   32.9     1.26174 -0.102442 0.491367  0.757166   0.0390177
   32.96     1.31494 -0.110288 0.500652  0.743306   0.0709604
   33.02     1.36 -0.110928 0.490432  0.746938   0.110205
   33.08     1.40209 -0.101657 0.501247  0.749549   0.0984025
   33.14     1.43965 -0.100241 0.493994  0.769441   0.0801455
   33.2     1.48644 -0.116142 0.504589  0.761969   0.108033
   33.26     1.53832 -0.124412 0.493507  0.753076   0.155391
   33.32     1.58983 -0.115525 0.502468  0.740442   0.164849
   33.38     1.63559 -0.113665 0.491439  0.740486   0.171698
   33.44     1.68053 -0.126178 0.498591  0.737585   0.198844
   33.5     1.73771 -0.128318 0.487148  0.700856   0.169487
   33.56     1.7767 -0.121863 0.496743  0.708806   0.163062
   33.62     1.80739 -0.123314 0.489525  0.742581   0.152455
   33.68     1.84796 -0.136952 0.500844  0.746066   0.17818
   33.74     1.90001 -0.140102 0.492189  0.72064   0.135032
   33.8     1.93744 -0.12718 0.499355  0.72309   0.138733
   33.86     1.96505 -0.121308 0.491064  0.761956   0.101796
   33.92     2.00271 -0.128566 0.504893  0.771477   0.09092
   33.98     2.04667 -0.129227 0.496457  0.777247   0.10081
   34.04     2.10337 -0.114543 0.503442  0.760809   0.0603623
   34.1     2.15421 -0.106106 0.493602  0.762916   0.0154871
   34.16     2.20197 -0.118516 0.503141  0.757612   0.0289367
   34.22     2.24513 -0.125384 0.493298  0.767226   0.0468643
   34.28     2.29482 -0.121602 0.50216  0.758174   0.0365158
   34.34     2.33967 -0.125185 0.492917  0.76679   0.0199659
   34.4     2.38929 -0.14667 0.501263  0.757515   0.0438426
   34.46     2.43691 -0.159092 0.492256  0.760225   0.0687874
   34.52     2.48471 -0.151006 0.501845  0.755344   0.047164
   34.58     2.52689 -0.147668 0.492627  0.767513   0.0235197
   34.64     2.57551 -0.157563 0.502086  0.759136   0.0420054
   34.7     2.62064 -0.1605 0.492746  0.764971   0.0701194
   34.76     2.66988 -0.15438 0.502128  0.755992   0.0658409
   34.82     2.71268 -0.154615 0.493386  0.768727   0.0492076
   34.88     2.76201 -0.166707 0.502015  0.761428   0.0703537
   34.94     2.80892 -0.170074 0.492324  0.763991   0.0983639
   35     2.85868 -0.155284 0.501713  0.754853   0.079873
   35.06     2.90329 -0.147385 0.493434  0.765819   0.0554196
   35.12     2.94959 -0.160502 0.503012  0.763472   0.0754048
   35.18     2.99339 -0.165656 0.494015  0.770988   0.0944892
   35.24     3.04646 -0.158431 0.502264  0.756276   0.0851891
   35.3     3.09517 -0.158509 0.492194  0.759627   0.0736678
   35.36     3.14417 -0.175173 0.500843  0.749565   0.115681
   35.42     3.18889 -0.184269 0.491712  0.751366   0.164382
   35.48     3.23132 -0.176048 0.501517  0.746615   0.190079
   35.54     3.27287 -0.175576 0.490708  0.746229   0.181502
   35.6     3.30332 -0.186295 0.498228  0.765346   0.197397
   35.66     3.35259 -0.184544 0.491566  0.726059   0.176661
   35.72     3.38668 -0.169579 0.499556  0.73584   0.162585
   35.78     3.4284 -0.159056 0.489106  0.745405   0.115149
   35.84     3.4653 -0.158868 0.498022  0.762226   0.099997
   35.9     3.51324 -0.149863 0.487776  0.731523   0.0456526
   35.96     3.54894 -0.135949 0.496532  0.744487   -0.0238063
   36.02     3.5963 -0.134355 0.493138  0.721415   -0.00464951
   36.08     3.63002 -0.147327 0.501316  0.730058   -0.0193859
   36.14     3.66043 -0.1564 0.487652  0.765475   0.0160006
   36.2     3.69739 -0.160548 0.502248  0.773529   0.00430204
   36.26     3.73712 -0.169161 0.496107  0.784287   -0.0339928
   36.32     3.79568 -0.188704 0.503473  0.760614   -0.0191485
   36.38     3.84869 -0.20022 0.491951  0.758335   0.0186236
   36.44     3.89769 -0.191618 0.500197  0.751671   0.00675418
   36.5     3.94123 -0.190397 0.491388  0.761619   -0.0122728
   36.56     3.98561 -0.208432 0.501627  0.760971   0.0208138
   36.62     4.02787 -0.217864 0.493379  0.771291   0.0540855
   36.68     4.07774 -0.208436 0.502816  0.76143   0.0410429
   36.74     4.12202 -0.204735 0.49367  0.771721   0.0198189
   36.8     4.17219 -0.214874 0.502533  0.76334   0.028424
   36.86     4.22006 -0.217361 0.492421  0.766155   0.0429547
   36.92     4.27178 -0.208101 0.50093  0.754276   0.028346
   36.98     4.31743 -0.204928 0.492027  0.762885   0.00694163
   37.04     4.36252 -0.221449 0.501785  0.762352   0.036859
   37.1     4.40571 -0.229337 0.493276  0.771262   0.061006
   37.16     4.45534 -0.218182 0.502803  0.761938   0.0426865
   37.22     4.49939 -0.213122 0.494015  0.772765   0.0200521
   37.28     4.54931 -0.22392 0.503009  0.764855   0.0287462
   37.34     4.59725 -0.226735 0.492781  0.76761   0.0430482
   37.4     4.64969 -0.218156 0.501003  0.75465   0.0301333
   37.46     4.69607 -0.215729 0.491818  0.762393   0.00946833
   37.52     4.74229 -0.232172 0.501235  0.760685   0.0390843
   37.58     4.78633 -0.239208 0.492334  0.767938   0.0706745
   37.64     4.83501 -0.227889 0.502362  0.7601   0.0564049
   37.7     4.8778 -0.222742 0.493991  0.773295   0.033842
   37.76     4.92639 -0.232335 0.503326  0.768553   0.0432299
   37.82     4.97356 -0.23394 0.493438  0.771897   0.0651915
   37.88     5.02595 -0.225059 0.501715  0.75913   0.0569575
   37.94     5.0705 -0.221488 0.492555  0.770401   0.0367601
   38     5.11996 -0.233387 0.502193  0.764595   0.0495702
   38.06     5.16781 -0.237162 0.492324  0.766516   0.0752271
   38.12     5.2189 -0.227129 0.500947  0.75455   0.0706533
   38.18     5.26408 -0.223743 0.493305  0.762354   0.0513198
   38.24     5.30905 -0.240812 0.503316  0.759991   0.07158
   38.3     5.3506 -0.251729 0.493894  0.770242   0.0911511
   38.36     5.40143 -0.251595 0.502904  0.757685   0.101006
   38.42     5.45551 -0.25595 0.489904  0.750341   0.0832992
   38.48     5.50849 -0.266631 0.496567  0.741197   0.107717
   38.54     5.56108 -0.262356 0.493918  0.711757   0.0805336
   38.6     5.59958 -0.250678 0.496308  0.718277   0.0789452
   38.66     5.63503 -0.248946 0.482571  0.726844   0.0243711
   38.72     5.66071 -0.26087 0.495307  0.75593   0.0128221
   38.78     5.69125 -0.264188 0.489389  0.77209   0.010662
   38.84     5.73345 -0.250032 0.504488  0.767702   -0.0380275
   38.9     5.77647 -0.243258 0.499094  0.778679   -0.0889928
   38.96     5.83641 -0.259957 0.506171  0.758524   -0.0608057
   39.02     5.90024 -0.274412 0.488961  0.743909   -0.00721353
   39.08     5.96558 -0.283837 0.495641  0.711174   -0.0243398
   39.14     6.02174 -0.295562 0.482913  0.696611   -0.0661655
   39.2     6.06505 -0.310123 0.493547  0.701576   -0.0422656
   39.26     6.10646 -0.313008 0.493942  0.689166   -0.0645809
   39.32     6.13816 -0.308889 0.49827  0.704721   -0.0863586
   39.38     6.16197 -0.316298 0.494339  0.716041   -0.0652449
   39.44     6.1663 -0.3319 0.502179  0.769462   -0.0526958
   39.5     6.17854 -0.336055 0.496806  0.798563   -0.0665585
   39.56     6.20627 -0.326997 0.511662  0.814264   -0.0588585
   39.62     6.23746 -0.324278 0.506291  0.82959   -0.0938183
   39.68     6.28052 -0.335911 0.519067  0.829938   -0.0996917
   39.74     6.32433 -0.346692 0.500385  0.846858   -0.0123914
   39.8     6.40311 -0.344166 0.510018  0.798547   0.0556905
   39.86     6.4723 -0.34317 0.486753  0.772167   -0.194963
   39.92     6.55691 -0.351073 0.493717  0.543583   -0.485314
   39.98     6.62668 -0.350375 0.49194  0.216913   -0.74054
   40.04     6.68997 -0.347178 0.481352  -0.078032   -0.851102
   40.1     6.75464 -0.359176 0.47641  0.0304253   -0.793048
   40.16     6.80626 -0.376472 0.460346  0.297533   -0.549421
   40.22     6.87527 -0.384011 0.447236  0.301984   -0.365235
   40.28     6.93902 -0.389757 0.412864  0.328184   -0.137686
   40.34     7.01501 -0.42319 0.375811  0.203245   0.236748
   40.4     7.08133 -0.456013 0.330757  0.156016   0.609056
   40.46     7.16162 -0.485704 0.250914  0.0177832   0.895994
   40.52     7.23926 -0.515079 0.141965  -0.133439   0.722268
   40.58     7.28934 -0.534595 0.0498074  -0.398377   0.563394
   40.64     7.29271 -0.538554 0.0609098  -0.31817   0.624861
   40.7     7.28623 -0.558046 0.0633005  -0.166839   0.901104
   40.76     7.27697 -0.577982 0.0637926  -0.0598984   0.992445
   40.82     7.27401 -0.584683 0.0639191  -0.00157922   0.992224
   40.88     7.27666 -0.577875 0.0639348  -0.00322803   0.976993
   40.94     7.26766 -0.576947 0.0639135  0.0736521   0.990158
   41     7.24191 -0.572109 0.071643  -0.0658736   0.996958
   41.06     7.1926 -0.551928 0.0782741  -0.119924   0.980111
   41.12     7.14088 -0.532847 0.0630882  -0.11098   0.959364
   41.18     7.13242 -0.530075 0.0637638  -0.0652143   0.96044
   41.24     7.13186 -0.528067 0.0638586  0.00330036   0.972211
   41.3     7.1286 -0.522625 0.0638818  0.0242384   0.992181
   41.36     7.12973 -0.513145 0.0918587  0.00360731   0.996564
   41.42     7.10847 -0.500122 0.159392  0.053615   0.971277
   41.48     7.06887 -0.479586 0.199801  0.108981   0.942519
   41.54     7.02371 -0.455674 0.229833  0.180048   0.904401
   41.6     7.00979 -0.448325 0.242516  0.19462   0.896994
   41.66     7.01704 -0.452181 0.230746  0.177622   0.90597
   41.72     7.01852 -0.452811 0.229333  0.175502   0.90699
   41.78     7.02433 -0.455762 0.229059  0.16446   0.912694
   41.84     7.03014 -0.458714 0.258134  0.170187   0.90953
   41.9     7.03215 -0.459793 0.272882  0.177984   0.90557
   41.96     7.0305 -0.458956 0.279525  0.184866   0.902044
   42.02     7.02499 -0.45609 0.284258  0.193952   0.897318
   42.08     7.02409 -0.45562 0.285454  0.195289   0.896617
   42.14     7.01973 -0.453036 0.321605  0.149695   0.952501
   42.2     7.00651 -0.445642 0.379667  0.0347681   0.990161
   42.26     6.9883 -0.435387 0.427911  -0.0859398   0.991613
   42.32     6.96727 -0.423057 0.462669  -0.177915   0.976997
   42.38     6.94008 -0.407405 0.488146  -0.174332   0.962762
   42.44     6.91373 -0.392325 0.49707  -0.135195   0.952434
   42.5     6.88508 -0.375927 0.496641  -0.139368   0.938606
   42.56     6.86721 -0.369052 0.499302  -0.0977336   0.935721
   42.62     6.86236 -0.369643 0.499375  -0.126556   0.933726
   42.68     6.87017 -0.37388 0.49786  -0.0934346   0.938698
   42.74     6.88862 -0.380573 0.495977  -0.136966   0.941137
   42.8     6.89994 -0.38093 0.497696  -0.0895831   0.94727
   42.86     6.89858 -0.375663 0.484821  -0.0846157   0.949843
   42.92     6.88796 -0.371985 0.493691  -0.0565258   0.953207
   42.98     6.87077 -0.362702 0.482691  -0.120002   0.948607
   43.04     6.85977 -0.342379 0.494517  -0.0426931   0.947231
   43.1     6.84871 -0.320028 0.483337  -0.105012   0.942816
   43.16     6.83297 -0.311026 0.494201  -0.0751814   0.94779
   43.22     6.82464 -0.297457 0.491341  -0.152088   0.944172
   43.28     6.82095 -0.275533 0.496793  -0.0687961   0.946791
   43.34     6.81645 -0.250007 0.485639  -0.117016   0.945502
   43.4     6.80788 -0.232317 0.495089  -0.0962206   0.944356
   43.46     6.8018 -0.216844 0.483274  -0.144232   0.950352
   43.52     6.79005 -0.187212 0.494386  -0.0705401   0.947758
   43.58     6.77858 -0.154834 0.485392  -0.118765   0.944445
   43.64     6.76575 -0.134781 0.494977  -0.0853842   0.943136
   43.7     6.76127 -0.119174 0.482838  -0.135985   0.950609
   43.76     6.75114 -0.0857785 0.49416  -0.0629928   0.942917
   43.82     6.74235 -0.0556571 0.484681  -0.114615   0.94212
   43.88     6.72916 -0.040597 0.494848  -0.090593   0.942867
   43.94     6.72612 -0.0248455 0.493165  -0.15729   0.94328
   44     6.73084 0.00379385 0.495818  -0.0980545   0.940625
   44.06     6.72974 0.0318777 0.485466  -0.121766   0.942114
   44.12     6.71262 0.0460529 0.494968  -0.0957121   0.94392
   44.18     6.6988 0.0577615 0.483049  -0.13487   0.953403
   44.24     6.68535 0.0913133 0.49535  -0.0660878   0.946081
   44.3     6.67803 0.122953 0.48562  -0.120331   0.943407
   44.36     6.66761 0.142238 0.494995  -0.0912137   0.942653
   44.42     6.66358 0.158049 0.482871  -0.139033   0.949929
   44.48     6.65332 0.191331 0.494101  -0.0700344   0.942358
   44.54     6.64296 0.221362 0.48462  -0.11939   0.941353
   44.6     6.62765 0.236239 0.494907  -0.0944503   0.942839
   44.66     6.62183 0.252333 0.493366  -0.156569   0.943152
   44.72     6.62746 0.277734 0.496913  -0.0901631   0.943076
   44.78     6.62722 0.301289 0.487579  -0.0887414   0.950245
   44.84     6.61514 0.320585 0.495796  -0.0737008   0.947587
   44.9     6.60528 0.337543 0.483291  -0.119352   0.954292
   44.96     6.59223 0.372506 0.494533  -0.0454574   0.944681
   45.02     6.58202 0.404591 0.484646  -0.0970994   0.94373
   45.08     6.56734 0.421095 0.49509  -0.0728068   0.944072
   45.14     6.56541 0.436704 0.491998  -0.147786   0.945361
   45.2     6.5615 0.463213 0.496849  -0.0660711   0.947357
   45.26     6.55679 0.496329 0.485445  -0.110407   0.943811
   45.32     6.54833 0.516762 0.495283  -0.0923005   0.942265
   45.38     6.54446 0.534183 0.483441  -0.136166   0.948452
   45.44     6.53431 0.56395 0.494353  -0.0695059   0.945233
   45.5     6.52223 0.592561 0.485679  -0.109733   0.945453
   45.56     6.50579 0.606934 0.495245  -0.089668   0.946896
   45.62     6.49458 0.624594 0.493971  -0.145993   0.946193
   45.68     6.49705 0.653494 0.496898  -0.0877589   0.943315
   45.74     6.49767 0.684541 0.485974  -0.125803   0.941402
   45.8     6.48304 0.69906 0.495268  -0.11086   0.942805
   45.86     6.4715 0.711556 0.483392  -0.144279   0.951746
   45.92     6.45724 0.744997 0.494768  -0.0820736   0.944807
   45.98     6.44687 0.778102 0.484957  -0.122845   0.941355
   46.04     6.43428 0.797051 0.495004  -0.111133   0.939301
   46.1     6.43155 0.810942 0.482785  -0.149432   0.948009
   46.16     6.42088 0.842674 0.494074  -0.0945404   0.941851
   46.22     6.4101 0.872693 0.484811  -0.127148   0.940488
   46.28     6.39666 0.890033 0.495029  -0.117968   0.938727
   46.34     6.39318 0.902338 0.482798  -0.15169   0.948533
   46.4     6.38193 0.933817 0.494405  -0.093967   0.942487
   46.46     6.3717 0.964829 0.485004  -0.128882   0.94039
   46.52     6.35863 0.982807 0.49503  -0.122249   0.938259
   46.58     6.35515 0.995975 0.482832  -0.153563   0.947654
   46.64     6.34361 1.02762 0.494326  -0.0994274   0.941302
   46.7     6.33312 1.05805 0.484926  -0.130911   0.939745
   46.76     6.31991 1.07561 0.49503  -0.126878   0.937575
   46.82     6.31639 1.08834 0.482821  -0.154066   0.947565
   46.88     6.30479 1.11972 0.494349  -0.11505   0.940372
   46.94     6.29439 1.15012 0.484951  -0.122204   0.940353
   47     6.28126 1.16766 0.495017  -0.148882   0.93525
   47.06     6.27777 1.18042 0.482843  -0.15307   0.947562
   47.12     6.26596 1.21181 0.494387  -0.117695   0.940024
   47.18     6.25532 1.24235 0.484953  -0.125835   0.939786
   47.24     6.24188 1.25988 0.495046  -0.149161   0.934895
   47.3     6.23828 1.27249 0.482844  -0.155428   0.947143
   47.36     6.22671 1.30386 0.494376  -0.116833   0.940025
   47.42     6.21623 1.33444 0.484924  -0.128749   0.939424
   47.48     6.20287 1.35195 0.495019  -0.149276   0.934823
   47.54     6.19908 1.36471 0.482861  -0.15932   0.946419
   47.6     6.1873 1.39629 0.494354  -0.120885   0.939357
   47.66     6.17653 1.42696 0.484859  -0.132084   0.938725
   47.72     6.16286 1.44435 0.49505  -0.146839   0.934645
   47.78     6.15913 1.45673 0.482858  -0.161049   0.946128
   47.84     6.14751 1.48804 0.494429  -0.11137   0.940093
   47.9     6.13688 1.51878 0.484912  -0.116656   0.939905
   47.96     6.12325 1.53631 0.495048  -0.131812   0.93609
   48.02     6.1194 1.54888 0.482874  -0.137087   0.948471
   48.08     6.10774 1.58039 0.494322  -0.0833694   0.941
   48.14     6.0972 1.611 0.484777  -0.0673938   0.941627
   48.2     6.08382 1.6283 0.494996  -0.0402094   0.939753
   48.26     6.0801 1.64069 0.482823  0.0129445   0.94968
   48.32     6.06876 1.67213 0.494222  0.156113   0.915691
   48.38     6.05861 1.70263 0.484614  0.310465   0.862292
   48.44     6.04574 1.71947 0.494773  0.535381   0.722257
   48.5     6.04201 1.73155 0.482602  0.430659   0.80499
   48.56     6.03049 1.76293 0.494058  0.199438   0.903771
   48.62     6.02045 1.79294 0.48476  0.0078911   0.939616
   48.68     6.00875 1.80968 0.494755  -0.07578   0.940081
   48.74     6.00462 1.82582 0.487928  -0.0594973   0.949336
   48.8     6.00343 1.84792 0.495718  0.0292769   0.941581
   48.86     5.99931 1.87267 0.487886  0.130027   0.929546
   48.92     5.98417 1.89013 0.49397  0.255394   0.891627
   48.98     5.97374 1.9074 0.489785  0.458634   0.784182
   49.04     5.9543 1.93527 0.496578  0.720621   0.491964
   49.1     5.94419 1.96127 0.486186  0.669091   0.578266
   49.16     5.93367 1.98113 0.49504  0.425204   0.81026
   49.22     5.92686 2.00255 0.488824  0.184562   0.918518
   49.28     5.92771 2.02837 0.494501  0.12319   0.92712
   49.34     5.92743 2.05203 0.487137  0.0703611   0.941812
   49.4     5.91391 2.06636 0.493213  0.0721655   0.944384
   49.46     5.90334 2.08203 0.493119  0.124885   0.939208
   49.52     5.8791 2.11181 0.499379  0.324194   0.872082
   49.58     5.85812 2.14674 0.488737  0.526538   0.748816
   49.64     5.84455 2.17562 0.496704  0.722728   0.521208
   49.7     5.84221 2.20159 0.48913  0.620719   0.640775
   49.76     5.84632 2.2334 0.495349  0.444431   0.780583
   49.82     5.84888 2.26179 0.485043  0.273329   0.873021
   49.88     5.83278 2.27664 0.496192  0.177227   0.912155
   49.94     5.8209 2.2942 0.489817  0.141534   0.927402
   50     5.80257 2.32442 0.497037  0.29935   0.871071
   50.06     5.79175 2.34715 0.484235  0.479628   0.775007
   50.12     5.77365 2.35906 0.495214  0.676094   0.598807
   50.18     5.75966 2.3735 0.489612  0.643061   0.648836
   50.24     5.75648 2.39916 0.497883  0.582909   0.708258
   50.3     5.75836 2.4217 0.487576  0.489036   0.790923
   50.36     5.7478 2.44727 0.497414  0.389468   0.853351
   50.42     5.73911 2.47158 0.485164  0.361459   0.873876
   50.48     5.72972 2.51282 0.497727  0.438456   0.823073
   50.54     5.72277 2.5551 0.486765  0.528399   0.754003
   50.6     5.70499 2.57969 0.497396  0.686273   0.60117
   50.66     5.69124 2.60781 0.49127  0.721723   0.553502
   50.72     5.68666 2.63987 0.500014  0.720847   0.554126
   50.78     5.68635 2.66629 0.486323  0.690222   0.601718
   50.84     5.67974 2.69059 0.497792  0.635151   0.669445
   50.9     5.67436 2.71603 0.493082  0.630819   0.674376
   50.96     5.67252 2.7483 0.5001  0.685092   0.604224
   51.02     5.66775 2.78486 0.489694  0.719465   0.557087
   51.08     5.65713 2.81548 0.499111  0.735465   0.534295
   51.14     5.6495 2.85336 0.493817  0.7548   0.478263
   51.2     5.63772 2.9008 0.500192  0.817978   0.333744
   51.26     5.62915 2.93437 0.49837  0.849676   0.251551
   51.32     5.62016 2.95154 0.502566  0.862048   0.249004
   51.38     5.6265 2.95886 0.495308  0.846199   0.29258
   51.44     5.64547 2.9811 0.497009  0.85375   0.154571
   51.5     5.66647 2.99754 0.485244  0.846431   0.0653369
   51.56     5.66788 3.00718 0.494668  0.846885   0.012886
   51.62     5.66653 3.00691 0.482427  0.850096   -0.000648462
   51.68     5.67547 3.03458 0.491684  0.828277   -0.0985168
   51.74     5.68065 3.04914 0.488453  0.844981   -0.126655
   51.8     5.69689 3.06337 0.494338  0.818781   -0.176202
   51.86     5.71125 3.06324 0.481864  0.821889   -0.153735
   51.92     5.74012 3.08761 0.490927  0.77662   -0.22581
   51.98     5.75532 3.11191 0.483498  0.782369   -0.310822
   52.04     5.77466 3.10666 0.494821  0.751462   -0.365774
   52.1     5.79402 3.0956 0.485056  0.762609   -0.35103
   52.16     5.83028 3.10908 0.497293  0.71577   -0.423899
   52.22     5.86614 3.12094 0.489054  0.674954   -0.512909
   52.28     5.89815 3.10222 0.49894  0.644098   -0.551925
   52.34     5.93507 3.07596 0.490146  0.634676   -0.542273
   52.4     5.98897 3.05766 0.498409  0.573186   -0.572727
   52.46     6.0358 3.0443 0.486414  0.512486   -0.6368
   52.52     6.06625 3.0143 0.500554  0.489834   -0.649043
   52.58     6.09851 2.98442 0.492516  0.526623   -0.62963
   52.64     6.15405 2.96341 0.499855  0.493255   -0.632845
   52.7     6.20091 2.94996 0.491645  0.464   -0.6777
   52.76     6.24196 2.91121 0.501875  0.452732   -0.665363
   52.82     6.27217 2.8773 0.492768  0.486684   -0.653705
   52.88     6.31762 2.84042 0.497453  0.479326   -0.629539
   52.94     6.35172 2.81217 0.489147  0.46011   -0.664071
   53     6.37342 2.76884 0.498358  0.478428   -0.635699
   53.06     6.39313 2.72668 0.489915  0.528983   -0.610494
   53.12     6.42982 2.70293 0.500888  0.519171   -0.617632
   53.18     6.46875 2.67962 0.493296  0.513148   -0.640014
   53.24     6.49864 2.64122 0.501322  0.527445   -0.610797
   53.3     6.53172 2.60225 0.491423  0.564141   -0.581123
   53.36     6.57863 2.58203 0.499596  0.543184   -0.588686
   53.42     6.6254 2.56223 0.490062  0.521657   -0.621389
   53.48     6.65465 2.52454 0.500056  0.530593   -0.59948
   53.54     6.68024 2.4871 0.49116  0.565518   -0.582118
   53.6     6.72051 2.46345 0.50066  0.545451   -0.591589
   53.66     6.76174 2.4381 0.49186  0.523073   -0.623767
   53.72     6.79274 2.39906 0.499782  0.521599   -0.607444
   53.78     6.82366 2.36024 0.490086  0.5463   -0.592585
   53.84     6.86742 2.34341 0.498777  0.342013   -0.73582
   53.9     6.91692 2.32176 0.490086  0.0151357   -0.840494
   53.96     6.94681 2.28599 0.494547  -0.330889   -0.807748
   54.02     6.97056 2.25633 0.481223  -0.561288   -0.715234
   54.08     6.99846 2.24204 0.491563  -0.780913   -0.535134
   54.14     7.02185 2.22782 0.481957  -0.909392   -0.318751
   54.2     7.0297 2.20294 0.491676  -0.897121   -0.33063
   54.26     7.03565 2.18214 0.482601  -0.874585   -0.370093
   54.32     7.0475 2.17874 0.493477  -0.881832   -0.365425
   54.38     7.06357 2.16342 0.489996  -0.909792   -0.313195
   54.44     7.06556 2.13608 0.496736  -0.89069   -0.346526
   54.5     7.06667 2.11702 0.483729  -0.863587   -0.411032
   54.56     7.06662 2.10419 0.493262  -0.880879   -0.369251
   54.62     7.06606 2.09852 0.481927  -0.921124   -0.285584
   54.68     7.0502 2.07634 0.491853  -0.906528   -0.277593
   54.74     7.03473 2.06916 0.488188  -0.896763   -0.326082
   54.8     7.02025 2.06012 0.495128  -0.886187   -0.328586
   54.86     7.01705 2.05207 0.482224  -0.90798   -0.325661
   54.92     6.9885 2.03596 0.492088  -0.875248   -0.360544
   54.98     6.96221 2.02588 0.483739  -0.874038   -0.365381
   55.04     6.94863 2.02927 0.494213  -0.888031   -0.334664
   55.1     6.93998 2.03198 0.483092  -0.909797   -0.32169
   55.16     6.90916 2.02541 0.493663  -0.882301   -0.35921
   55.22     6.87713 2.01805 0.485933  -0.881326   -0.358817
   55.28     6.8523 2.01314 0.495229  -0.876827   -0.346957
   55.34     6.84006 2.00349 0.482965  -0.893366   -0.337081
   55.4     6.81078 1.99485 0.492596  -0.865943   -0.36398
   55.46     6.78535 1.99145 0.483747  -0.873311   -0.361882
   55.52     6.77239 1.99997 0.494405  -0.878318   -0.355816
   55.58     6.76464 2.00164 0.493571  -0.900043   -0.337523
   55.64     6.74591 1.98984 0.497468  -0.871986   -0.382745
   55.7     6.72225 1.97704 0.487607  -0.867189   -0.395722
   55.76     6.70089 1.97539 0.494253  -0.877686   -0.361026
   55.82     6.68968 1.96735 0.487694  -0.897994   -0.343256
   55.88     6.67038 1.95203 0.493666  -0.851958   -0.414159
   55.94     6.65755 1.93527 0.484904  -0.85507   -0.418361
   56     6.64153 1.93827 0.495017  -0.878008   -0.372295
   56.06     6.62919 1.94072 0.484508  -0.898306   -0.356169
   56.12     6.60448 1.93202 0.49076  -0.870948   -0.400317
   56.18     6.579 1.91859 0.487308  -0.874859   -0.393638
   56.24     6.55174 1.91969 0.494153  -0.88058   -0.36268
   56.3     6.53154 1.92005 0.483684  -0.886681   -0.369785
   56.36     6.49846 1.91744 0.493674  -0.856378   -0.407573
   56.42     6.46597 1.9141 0.485001  -0.861828   -0.397248
   56.48     6.44204 1.91633 0.495549  -0.858075   -0.392602
   56.54     6.43087 1.90707 0.4917  -0.884058   -0.358962
   56.6     6.40966 1.89501 0.496244  -0.848209   -0.419417
   56.66     6.38516 1.88278 0.485644  -0.852775   -0.415442
   56.72     6.36695 1.87931 0.494713  -0.858378   -0.398146
   56.78     6.35362 1.87596 0.483394  -0.874761   -0.391679
   56.84     6.32428 1.87064 0.49358  -0.846527   -0.426091
   56.9     6.29342 1.86485 0.485162  -0.851323   -0.417942
   56.96     6.2705 1.86328 0.495215  -0.851336   -0.405411
   57.02     6.25824 1.85696 0.483039  -0.867608   -0.40141
   57.08     6.22741 1.84875 0.493248  -0.835965   -0.432395
   57.14     6.20106 1.84268 0.484464  -0.843865   -0.426718
   57.2     6.18341 1.84425 0.49471  -0.846677   -0.418571
   57.26     6.17587 1.84148 0.482899  -0.865915   -0.416002
   57.32     6.14541 1.83211 0.493768  -0.834079   -0.448028
   57.38     6.11543 1.82168 0.485134  -0.834955   -0.446393
   57.44     6.09454 1.81893 0.495233  -0.835651   -0.437296
   57.5     6.08097 1.81424 0.483163  -0.851031   -0.434398
   57.56     6.04919 1.80625 0.493498  -0.822917   -0.45698
   57.62     6.02182 1.79931 0.484527  -0.829677   -0.452042
   57.68     6.00347 1.80066 0.494776  -0.8314   -0.446292
   57.74     5.99514 1.79771 0.482937  -0.850416   -0.443936
   57.8     5.96396 1.78768 0.493836  -0.81438   -0.478994
   57.86     5.9335 1.77644 0.484781  -0.816238   -0.475088
   57.92     5.91185 1.77358 0.495409  -0.817533   -0.465568
   57.98     5.89886 1.76691 0.487785  -0.824858   -0.473669
   58.04     5.88217 1.75759 0.495043  -0.804157   -0.49964
   58.1     5.86111 1.74889 0.488039  -0.808022   -0.50451
   58.16     5.83852 1.7508 0.494082  -0.827264   -0.470701
   58.22     5.82248 1.74713 0.488426  -0.834437   -0.475386
   58.28     5.79221 1.73385 0.495385  -0.799352   -0.509132
   58.34     5.76031 1.72428 0.486035  -0.792733   -0.519595
   58.4     5.73609 1.72236 0.495732  -0.807265   -0.491982
   58.46     5.71703 1.71949 0.483073  -0.817392   -0.494453
   58.52     5.68134 1.70937 0.493527  -0.777984   -0.525471
   58.58     5.64989 1.70293 0.483659  -0.784801   -0.520825
   58.64     5.62879 1.70923 0.495011  -0.794231   -0.509929
   58.7     5.61665 1.70634 0.488497  -0.801298   -0.521078
   58.76     5.60101 1.69137 0.494655  -0.74777   -0.581463
   58.82     5.58451 1.67601 0.487879  -0.761846   -0.572283
   58.88     5.5656 1.67516 0.494543  -0.791521   -0.535836
   58.94     5.54694 1.66834 0.493595  -0.820561   -0.500175
   59     5.50764 1.66095 0.498154  -0.758213   -0.565454
   59.06     5.4654 1.6528 0.48551  -0.727172   -0.597555
   59.12     5.43762 1.6604 0.496007  -0.736581   -0.590464
   59.18     5.41868 1.65904 0.489318  -0.745648   -0.594892
   59.24     5.39959 1.6479 0.496953  -0.673102   -0.664223
   59.3     5.38525 1.63481 0.487129  -0.688517   -0.658008
   59.36     5.36042 1.63235 0.498028  -0.732109   -0.613964
   59.42     5.34245 1.62698 0.485492  -0.74039   -0.622434
   59.48     5.30993 1.61121 0.493446  -0.655809   -0.696653
   59.54     5.27892 1.58947 0.489962  -0.677291   -0.675505
   59.6     5.24116 1.58674 0.497801  -0.701951   -0.647343
   59.66     5.21237 1.58418 0.486917  -0.692882   -0.671392
   59.72     5.17036 1.57402 0.495536  -0.595816   -0.745726
   59.78     5.13156 1.556 0.490118  -0.618454   -0.726646
   59.84     5.09371 1.54914 0.497068  -0.627033   -0.719089
   59.9     5.0609 1.535 0.4952  -0.633582   -0.713239
   59.96     5.01263 1.52067 0.501491  -0.547251   -0.770687
   60.02     4.96787 1.50165 0.487717  -0.56504   -0.753948
   60.08     4.93508 1.49886 0.499129  -0.58534   -0.743695
   60.14     4.9134 1.48883 0.491665  -0.578547   -0.758996
   60.2     4.89051 1.46716 0.500451  -0.50295   -0.80377
   60.26     4.86194 1.44468 0.492008  -0.490094   -0.808873
   60.32     4.83059 1.43837 0.497433  -0.489622   -0.811704
   60.38     4.79825 1.4312 0.497708  -0.439647   -0.837468
   60.44     4.74925 1.42277 0.504324  -0.273685   -0.900457
   60.5     4.7043 1.40436 0.49224  -0.287103   -0.896952
   60.56     4.67189 1.38875 0.498891  -0.298072   -0.890564
   60.62     4.64196 1.371 0.494751  -0.24303   -0.901039
   60.68     4.61817 1.35028 0.501275  -0.0872363   -0.915097
   60.74     4.59454 1.33122 0.490559  -0.0580069   -0.915909
   60.8     4.56692 1.32141 0.500948  -0.0492397   -0.919325
   60.86     4.53411 1.30847 0.497717  0.0191958   -0.912384
   60.92     4.48802 1.29446 0.503481  0.230859   -0.879916
   60.98     4.45195 1.27313 0.49037  0.290356   -0.86004
   61.04     4.42598 1.25693 0.499016  0.30452   -0.856153
   61.1     4.39888 1.23702 0.494566  0.37464   -0.814081
   61.16     4.37818 1.21152 0.501739  0.48073   -0.735501
   61.22     4.35399 1.17912 0.489782  0.530406   -0.674875
   61.28     4.322 1.16701 0.49886  0.362171   -0.813351
   61.34     4.28758 1.15165 0.492232  0.626416   -0.597682
   61.4     4.26042 1.1314 0.500426  0.816512   -0.242372
   61.46     4.24006 1.11361 0.486487  0.839928   0.100124
   61.52     4.22453 1.10437 0.496005  0.767973   0.382075
   61.58     4.2233 1.09375 0.494072  0.572722   0.616535
   61.64     4.22694 1.06685 0.495205  0.30612   0.819999
   61.7     4.22988 1.04316 0.484275  0.147385   0.873705
   61.76     4.22026 1.03729 0.494425  0.169749   0.873712
   61.82     4.21978 1.03916 0.482165  0.16999   0.847598
   61.88     4.21516 1.02329 0.49086  0.372276   0.772641
   61.94     4.21321 1.01427 0.482615  0.604571   0.563943
   62     4.21704 1.00995 0.491515  0.526605   0.647747
   62.06     4.21976 1.00443 0.480381  0.312019   0.805839
   62.12     4.23613 0.989201 0.491181  0.186058   0.869007
   62.18     4.25228 0.976564 0.478946  0.130766   0.893306
   62.24     4.26277 0.989952 0.493072  0.166293   0.871684
   62.3     4.27315 1.00181 0.481569  0.390753   0.764312
   62.36     4.28382 1.00676 0.491184  0.631243   0.536906
   62.42     4.29224 1.01379 0.480082  0.550531   0.635932
   62.48     4.29864 1.03476 0.490475  0.316143   0.789467
   62.54     4.30119 1.051 0.479845  0.191785   0.841327
   62.6     4.31394 1.04103 0.49073  0.148809   0.870254
   62.66     4.3251 1.03198 0.480346  0.137057   0.89355
   62.72     4.33541 1.05051 0.493849  0.351582   0.793302
   62.78     4.3422 1.06526 0.485966  0.62585   0.569465
   62.84     4.36348 1.0821 0.49319  0.547287   0.626559
   62.9     4.37555 1.09508 0.482352  0.228804   0.848041
   62.96     4.37647 1.12913 0.492204  0.127692   0.861741
   63.02     4.37208 1.15125 0.482834  0.197821   0.865269
   63.08     4.38338 1.16931 0.492064  0.204242   0.853065
   63.14     4.39419 1.18324 0.48129  0.403419   0.76682
   63.2     4.39525 1.2172 0.491319  0.650581   0.492989
   63.26     4.39173 1.24158 0.481666  0.619229   0.568899
   63.32     4.40623 1.24823 0.491348  0.359701   0.77831
   63.38     4.41648 1.24606 0.480393  0.135275   0.902036
   63.44     4.42108 1.27507 0.492476  0.0976114   0.888362
   63.5     4.41363 1.29461 0.486122  0.189351   0.887667
   63.56     4.42445 1.31573 0.493655  0.399422   0.764859
   63.62     4.42723 1.32943 0.482017  0.586609   0.616045
   63.68     4.4327 1.36837 0.490567  0.516191   0.646113
   63.74     4.42772 1.39602 0.481511  0.315221   0.809262
   63.8     4.43912 1.40346 0.491698  0.160964   0.865153
   63.86     4.44801 1.41013 0.491126  0.0742104   0.902294
   63.92     4.4538 1.43787 0.497167  0.12921   0.874508
   63.98     4.45381 1.45632 0.484176  0.408173   0.778546
   64.04     4.47205 1.47123 0.493013  0.650439   0.516544
   64.1     4.48139 1.48166 0.482269  0.530962   0.676071
   64.16     4.49039 1.5189 0.491544  0.297915   0.802245
   64.22     4.48757 1.54204 0.482852  0.221497   0.863205
   64.28     4.49753 1.56031 0.492136  0.17376   0.866255
   64.34     4.50565 1.57078 0.481217  0.130562   0.895675
   64.4     4.50663 1.60785 0.490265  0.326504   0.781514
   64.46     4.49668 1.63223 0.482625  0.629771   0.556997
   64.52     4.50518 1.64315 0.492095  0.556461   0.630046
   64.58     4.51761 1.64712 0.480257  0.27839   0.847288
   64.64     4.52381 1.68162 0.490922  0.136888   0.869326
   64.7     4.51774 1.70268 0.483517  0.189037   0.879786
   64.76     4.52084 1.72504 0.492509  0.198896   0.861661
   64.82     4.52697 1.73607 0.48137  0.367238   0.802196
   64.88     4.52909 1.77492 0.490216  0.602144   0.544337
   64.94     4.5201 1.80154 0.4814  0.575499   0.619543
   65     4.52913 1.80826 0.49214  0.332774   0.799303
   65.06     4.54017 1.81413 0.489645  0.123247   0.895414
   65.12     4.55132 1.84326 0.492743  0.117622   0.87484
   65.18     4.55097 1.86108 0.48209  0.260522   0.858829
   65.24     4.5676 1.87405 0.491607  0.452247   0.732157
   65.3     4.57315 1.88162 0.481446  0.655124   0.548165
   65.36     4.58418 1.91617 0.490724  0.580466   0.59385
   65.42     4.58366 1.93733 0.48193  0.387342   0.795486
   65.48     4.59406 1.95242 0.491979  0.203759   0.867053
   65.54     4.59407 1.96014 0.481267  0.0961663   0.916529
   65.6     4.60336 1.99784 0.489944  0.12908   0.87594
   65.66     4.60216 2.02379 0.481013  0.380314   0.784632
   65.72     4.6148 2.02744 0.491484  0.616654   0.561359
   65.78     4.62377 2.03037 0.491163  0.504864   0.705076
   65.84     4.63265 2.05681 0.496374  0.318708   0.817133
   65.9     4.63536 2.07443 0.483857  0.26384   0.871865
   65.96     4.64425 2.09416 0.492268  0.198673   0.879266
   66.02     4.65252 2.10299 0.48092  0.344993   0.834856
   66.08     4.65771 2.14026 0.490555  0.585039   0.582682
   66.14     4.65014 2.16344 0.482137  0.572055   0.649102
   66.2     4.6572 2.18078 0.49236  0.338349   0.812162
   66.26     4.65491 2.1893 0.480839  0.156357   0.91044
   66.32     4.67008 2.22739 0.490298  0.128759   0.882008
   66.38     4.67543 2.25212 0.48162  0.189645   0.878111
   66.44     4.67394 2.26071 0.49312  0.392612   0.782049
   66.5     4.67984 2.26529 0.492617  0.597839   0.62868
   66.56     4.69419 2.29144 0.49615  0.513153   0.683043
   66.62     4.69838 2.30973 0.485209  0.354744   0.827765
   66.68     4.7036 2.33136 0.492329  0.205583   0.875819
   66.74     4.70521 2.35188 0.491792  0.0919884   0.911189
   66.8     4.71585 2.38749 0.4953  0.264486   0.827224
   66.86     4.71704 2.4097 0.48257  0.577655   0.630529
   66.92     4.72859 2.42602 0.492088  0.513841   0.672496
   66.98     4.72981 2.43639 0.481151  0.258443   0.860886
   67.04     4.73775 2.47319 0.490315  0.147817   0.864875
   67.1     4.7352 2.49835 0.481493  0.172271   0.872198
   67.16     4.74739 2.50391 0.491316  0.371652   0.778586
   67.22     4.75636 2.50821 0.490836  0.57824   0.62469
   67.28     4.764 2.53474 0.497211  0.53291   0.652498
   67.34     4.76539 2.55167 0.484748  0.376546   0.808392
   67.4     4.77145 2.57066 0.492036  0.219546   0.86716
   67.46     4.78284 2.58842 0.490476  0.114042   0.902902
   67.52     4.79475 2.62691 0.492632  0.313407   0.790695
   67.58     4.79572 2.65317 0.481493  0.645483   0.532433
   67.64     4.79433 2.66317 0.493167  0.579672   0.626707
   67.7     4.80342 2.67264 0.492975  0.290708   0.84808
   67.76     4.81985 2.69832 0.496562  0.130154   0.883758
   67.82     4.82681 2.71457 0.485224  0.18075   0.893412
   67.88     4.82688 2.73326 0.493208  0.172177   0.885429
   67.94     4.8338 2.75323 0.490938  0.279998   0.83946
   68     4.8442 2.78953 0.491437  0.523526   0.630727
   68.06     4.84212 2.81342 0.481796  0.765465   0.316328
   68.12     4.85918 2.82765 0.491742  0.704659   0.402986
   68.18     4.86542 2.8354 0.481426  0.481497   0.719759
   68.24     4.87153 2.86625 0.49169  0.267577   0.82305
   68.3     4.86907 2.88519 0.483969  0.193452   0.874618
   68.36     4.88586 2.8962 0.493444  0.179831   0.868373
   68.42     4.8954 2.9003 0.482396  0.302236   0.836342
   68.48     4.89708 2.93032 0.493768  0.577814   0.602719
   68.54     4.89523 2.95326 0.485196  0.770757   0.304206
   68.6     4.91036 2.96828 0.493421  0.726264   0.370849
   68.66     4.91731 2.9771 0.481914  0.486257   0.715057
   68.72     4.92192 3.01124 0.491747  0.268533   0.820417
   68.78     4.91715 3.03476 0.484079  0.192357   0.869851
   68.84     4.93307 3.04808 0.493425  0.179493   0.863158
   68.9     4.9417 3.05483 0.482332  0.306032   0.82792
   68.96     4.94621 3.08677 0.491828  0.557026   0.601055
   69.02     4.94053 3.10938 0.484089  0.762994   0.312014
   69.08     4.95598 3.12407 0.493256  0.715512   0.382716
   69.14     4.96359 3.13259 0.482164  0.468376   0.719361
   69.2     4.96718 3.1658 0.491907  0.255637   0.818622
   69.26     4.96092 3.18952 0.483827  0.190083   0.863936
   69.32     4.97736 3.20435 0.493412  0.180921   0.855837
   69.38     4.9894 3.21545 0.481757  0.323521   0.799044
   69.44     4.98943 3.24179 0.491136  0.59064   0.562558
   69.5     4.98511 3.26059 0.483349  0.774042   0.273328
   69.56     4.99993 3.27341 0.492989  0.731798   0.343973
   69.62     5.00697 3.28067 0.482088  0.498045   0.693642
   69.68     5.01085 3.31517 0.492033  0.285938   0.803408
   69.74     5.00498 3.3406 0.483547  0.202793   0.856884
   69.8     5.01434 3.36098 0.492185  0.179594   0.850187
   69.86     5.02094 3.37529 0.480935  0.385938   0.76746
   69.92     5.0299 3.41144 0.488953  0.603537   0.505145
   69.98     5.02283 3.43265 0.481941  0.594684   0.583561
   70.04     5.02354 3.44386 0.493119  0.35948   0.784645
   70.1     5.03551 3.45141 0.482111  0.164143   0.882846
   70.16     5.03948 3.48527 0.491765  0.132436   0.863097
   70.22     5.03376 3.5074 0.483981  0.375212   0.78099
   70.28     5.04999 3.52041 0.4932  0.621078   0.537948
   70.34     5.06128 3.52993 0.481498  0.508289   0.665272
   70.4     5.06021 3.55775 0.491126  0.318418   0.789525
   70.46     5.05493 3.57742 0.483712  0.225136   0.85398
   70.52     5.06883 3.58985 0.493228  0.204754   0.851986
   70.58     5.07542 3.59634 0.482129  0.329284   0.81555
   70.64     5.08129 3.63023 0.491791  0.580359   0.575659
   70.7     5.07735 3.65453 0.483272  0.772475   0.283571
   70.76     5.0878 3.67498 0.491884  0.722645   0.364324
   70.82     5.09328 3.68958 0.480743  0.538694   0.642317
   70.88     5.0879 3.72381 0.491201  0.349456   0.770375
   70.94     5.08359 3.74866 0.481274  0.247343   0.835522
   71     5.09967 3.75475 0.491265  0.193547   0.851479
   71.06     5.11279 3.76045 0.490803  0.334409   0.805902
   71.12     5.12184 3.78716 0.497397  0.589846   0.570036
   71.18     5.12488 3.80388 0.485132  0.777604   0.254366
   71.24     5.1231 3.82033 0.49298  0.750513   0.357169
   71.3     5.12999 3.83343 0.481472  0.565208   0.648409
   71.36     5.14184 3.87562 0.490816  0.346046   0.771735
   71.42     5.1388 3.90312 0.483106  0.284566   0.833338
   71.48     5.14798 3.92209 0.492388  0.225752   0.842371
   71.54     5.14823 3.93323 0.481209  0.379216   0.790177
   71.6     5.15453 3.97145 0.489553  0.613025   0.532231
   71.66     5.15541 3.99399 0.49017  0.782174   0.235914
   71.72     5.16873 4.00486 0.495952  0.730074   0.354158
   71.78     5.17636 4.00826 0.480007  0.464508   0.71796
   71.84     5.18297 4.04153 0.49023  0.277579   0.799147
   71.9     5.17949 4.0631 0.482573  0.240228   0.838186
   71.96     5.19184 4.07728 0.491712  0.226025   0.834149
   72.02     5.20004 4.0847 0.480727  0.426496   0.747513
   72.08     5.21087 4.11971 0.489641  0.627901   0.473945
   72.14     5.20628 4.13886 0.483002  0.796361   0.155171
   72.2     5.2037 4.1582 0.492954  0.779511   0.264446
   72.26     5.21026 4.17077 0.480925  0.621758   0.565766
   72.32     5.2221 4.20748 0.489523  0.406121   0.720989
   72.38     5.21886 4.23045 0.482306  0.337857   0.80104
   72.44     5.2209 4.2467 0.493479  0.273698   0.827455
   72.5     5.23226 4.25415 0.481274  0.41512   0.765825
   72.56     5.2367 4.28922 0.490834  0.631783   0.498116
   72.62     5.2282 4.30896 0.482298  0.806449   0.183346
   72.68     5.23945 4.32588 0.4919  0.767626   0.272148
   72.74     5.24653 4.33728 0.480659  0.615233   0.573776
   72.8     5.25884 4.37461 0.489151  0.411745   0.714441
   72.86     5.25487 4.3969 0.482072  0.375879   0.780478
   72.92     5.25048 4.41298 0.494343  0.328533   0.805439
   72.98     5.25691 4.42058 0.483144  0.469473   0.734174
   73.04     5.26398 4.45828 0.490106  0.673445   0.4409
   73.1     5.25857 4.48499 0.48117  0.681066   0.478271
   73.16     5.26893 4.49067 0.491753  0.523863   0.660024
   73.22     5.27736 4.49604 0.490985  0.370436   0.796473
   73.28     5.28467 4.52342 0.496386  0.359317   0.783491
   73.34     5.28626 4.54014 0.483638  0.42134   0.776833
   73.4     5.29509 4.55993 0.491898  0.574823   0.613668
   73.46     5.30182 4.57011 0.480641  0.725673   0.382564
   73.52     5.30192 4.6086 0.490336  0.704361   0.384815
   73.58     5.29289 4.63562 0.48257  0.633826   0.56295
   73.64     5.3036 4.64587 0.491817  0.53476   0.658765
   73.7     5.3083 4.64857 0.480548  0.500362   0.721992
   73.76     5.3247 4.68028 0.490506  0.46021   0.701543
   73.82     5.32721 4.69718 0.482672  0.650051   0.530255
   73.88     5.3258 4.71782 0.493004  0.779159   0.225638
   73.94     5.32778 4.72794 0.480926  0.745116   0.32517
   74     5.3271 4.76355 0.490524  0.682382   0.441594
   74.06     5.32046 4.78947 0.484354  0.678073   0.511508
   74.12     5.33465 4.79492 0.493366  0.661357   0.526671
   74.18     5.34836 4.79414 0.480908  0.651218   0.563803
   74.24     5.37324 4.82174 0.49078  0.613341   0.531743
   74.3     5.3814 4.83787 0.484641  0.744026   0.319857
   74.36     5.38245 4.85632 0.488876  0.773799   0.214897
   74.42     5.37671 4.86896 0.480941  0.775248   0.313013
   74.48     5.3855 4.90794 0.491941  0.764884   0.292132
   74.54     5.38922 4.93882 0.484496  0.800672   0.270585
   74.6     5.40522 4.9542 0.494524  0.81678   0.244389
   74.66     5.42827 4.96728 0.48869  0.815816   0.239573
   74.72     5.45783 4.99319 0.497216  0.817012   0.200692
   74.78     5.48559 5.01798 0.489541  0.834086   0.148606
   74.84     5.52957 5.02305 0.498731  0.83233   0.11067
   74.9     5.5794 5.0278 0.487894  0.81718   0.119537
   74.96     5.61648 5.0534 0.495481  0.811524   0.081321
   75.02     5.65561 5.07445 0.490084  0.790994   0.0989317
   75.08     5.68456 5.07343 0.498864  0.797108   0.116117
   75.14     5.7085 5.07291 0.483551  0.804462   0.188227
   75.2     5.73926 5.08904 0.501527  0.809159   0.161255
   75.26     5.76958 5.10389 0.498405  0.840061   0.105024
   75.32     5.82323 5.09808 0.509023  0.822602   0.108674
   75.38     5.87628 5.08854 0.500317  0.815411   0.171836
   75.44     5.94308 5.097 0.498953  0.770126   0.219766
   75.5     6.00211 5.11088 0.490144  0.776639   0.176069
   75.56     6.05518 5.11228 0.496935  0.759603   0.166238
   75.62     6.09559 5.11363 0.488172  0.769505   0.207659
   75.68     6.13333 5.13082 0.498654  0.775468   0.176511
   75.74     6.17895 5.1455 0.493398  0.755774   0.200985
   75.8     6.21931 5.14321 0.499112  0.755877   0.177407
   75.86     6.2461 5.14105 0.488477  0.787601   0.203525
   75.92     6.27828 5.15583 0.503556  0.797274   0.182783
   75.98     6.31364 5.16938 0.500275  0.821893   0.157033
   76.04     6.37601 5.17429 0.502634  0.795652   0.137083
   76.1     6.43361 5.17908 0.491453  0.786433   0.169658
   76.16     6.48146 5.20542 0.497458  0.776685   0.137344
   76.22     6.52973 5.23167 0.490006  0.753005   0.161494
   76.28     6.57428 5.2374 0.496648  0.745968   0.145391
   76.34     6.60676 5.24233 0.486981  0.771089   0.171312
   76.4     6.63986 5.26516 0.496756  0.774262   0.136279
   76.46     6.67781 5.28887 0.493293  0.775511   0.117716
   76.52     6.71454 5.29738 0.49774  0.772978   0.0758481
   76.58     6.75084 5.30171 0.488763  0.79055   0.0496207
   76.64     6.78143 5.31584 0.497238  0.792095   0.0510795
   76.7     6.82028 5.33009 0.489189  0.786359   0.004739
   76.76     6.85911 5.33514 0.492243  0.760124   -0.0442129
   76.82     6.88366 5.33787 0.481055  0.790021   -0.0262927
   76.88     6.9018 5.34385 0.493784  0.811696   0.00760413
   76.94     6.93216 5.34731 0.490608  0.810129   -0.0777596
   77     6.98059 5.34833 0.488754  0.751332   -0.0865181
   77.06     7.00973 5.34428 0.480119  0.764581   -0.0927162
   77.12     7.02964 5.34836 0.49132  0.788152   -0.0513571
   77.18     7.04887 5.3504 0.482964  0.814739   -0.176002
   77.24     7.08995 5.32881 0.497638  0.802441   -0.123517
   77.3     7.13269 5.30692 0.49309  0.80835   -0.00391793
   77.36     7.18583 5.31008 0.504519  0.790574   0.0300995
   77.42     7.22974 5.31328 0.497164  0.812391   -0.0222228
   77.48     7.28678 5.311 0.488922  0.794565   -0.092476
   77.54     7.34568 5.31252 0.4946  0.757499   -0.112871
   77.6     7.39499 5.33086 0.498661  0.742596   -0.0357566
   77.66     7.43278 5.34553 0.48221  0.755682   -0.0631335
   77.72     7.46589 5.33357 0.489684  0.756496   -0.015057
   77.78     7.49081 5.32251 0.481335  0.780251   0.0664484
   77.84     7.51618 5.32627 0.496933  0.792288   0.0674515
   77.9     7.54073 5.32964 0.493575  0.83084   0.0137183
   77.96     7.59141 5.31125 0.503828  0.816813   0.0185742
   78.02     7.64238 5.29362 0.495562  0.821677   0.0583298
   78.08     7.70546 5.2983 0.500166  0.795273   0.0519157
   78.14     7.75512 5.3068 0.490284  0.804404   0.0144724
   78.2     7.80163 5.29095 0.500299  0.793829   0.0557023
   78.26     7.84327 5.27346 0.491365  0.80632   0.105617
   78.32     7.8869 5.27516 0.500727  0.798756   0.107879
   78.38     7.93174 5.27667 0.48926  0.80472   0.0827106
   78.44     7.97151 5.25478 0.497484  0.793703   0.122393
   78.5     8.01693 5.23217 0.489393  0.777613   0.126106
   78.56     8.05318 5.22703 0.496237  0.779143   0.104122
   78.62     8.08664 5.2211 0.48737  0.807195   0.0712223
   78.68     8.12709 5.19797 0.500686  0.804528   0.0930609
   78.74     8.16854 5.17684 0.494313  0.819065   0.128128
   78.8     8.22321 5.17622 0.503947  0.805951   0.107688
   78.86     8.26956 5.17951 0.495786  0.818368   0.0697159
   78.92     8.32678 5.17637 0.499992  0.798142   0.0369863
   78.98     8.37053 5.17525 0.489974  0.810262   0.0810752
   79.04     8.41812 5.18978 0.499517  0.798741   0.0687149
   79.1     8.4657 5.20313 0.490513  0.809033   0.0208771
   79.16     8.50935 5.19165 0.501145  0.806243   0.0363689
   79.22     8.5528 5.17803 0.492721  0.81852   0.0714172
   79.28     8.60123 5.18429 0.501697  0.806885   0.0535395
   79.34     8.6518 5.18918 0.492472  0.812448   0.0155539
   79.4     8.69932 5.17762 0.50062  0.779151   -0.194891
   79.46     8.744 5.16719 0.491946  0.67214   -0.470175
   79.52     8.78758 5.17939 0.501504  0.43255   -0.731994
   79.58     8.83099 5.19266 0.490637  0.113854   -0.890291
   79.64     8.86626 5.18311 0.499005  -0.0853071   -0.903657
   79.7     8.91341 5.17553 0.490463  -0.180374   -0.895112
   79.76     8.95134 5.18582 0.495887  -0.18181   -0.907908
   79.82     8.98314 5.19309 0.481753  -0.26126   -0.899351
   79.88     9.00647 5.17843 0.49519  -0.212905   -0.900764
   79.94     9.02523 5.16602 0.48526  -0.09137   -0.912087
   80     9.05634 5.15496 0.49004  -0.0970523   -0.909287
   80.06     9.08225 5.14332 0.481272  -0.215025   -0.89482
   80.12     9.09887 5.12226 0.490067  -0.188911   -0.8889
   80.18     9.10983 5.10635 0.48179  -0.105329   -0.899029
   80.24     9.1134 5.09942 0.48683  -0.122081   -0.898717
   80.3     9.11214 5.09949 0.481354  -0.184041   -0.910912
   80.36     9.11077 5.08062 0.486675  -0.152009   -0.898397
   80.42     9.10949 5.06797 0.482898  -0.110937   -0.918094
   80.48     9.10803 5.05426 0.488301  -0.0947788   -0.911755
   80.54     9.10773 5.05035 0.481472  -0.163007   -0.930967
   80.6     9.10132 5.01851 0.492569  -0.137006   -0.908236
   80.66     9.08901 4.99674 0.487544  -0.0781958   -0.925406
   80.72     9.08379 4.97101 0.487372  -0.0902543   -0.904518
   80.78     9.0758 4.95542 0.491874  -0.0955358   -0.916033
   80.84     9.07191 4.92283 0.495256  -0.0765988   -0.893566
   80.9     9.0654 4.90263 0.484406  0.00150975   -0.91167
   80.96     9.07807 4.88558 0.493983  -0.0330824   -0.899221
   81.02     9.08455 4.87994 0.481759  -0.144672   -0.92009
   81.08     9.08515 4.84689 0.49122  -0.12398   -0.892356
   81.14     9.0794 4.83095 0.482854  -0.0542216   -0.916158
   81.2     9.07772 4.81158 0.492935  -0.0536737   -0.89999
   81.26     9.07823 4.80484 0.481284  -0.121179   -0.923728
   81.32     9.06958 4.76925 0.490548  -0.0969352   -0.89383
   81.38     9.05516 4.74878 0.483865  -0.041822   -0.912033
   81.44     9.05689 4.73201 0.493443  -0.0471155   -0.899763
   81.5     9.06126 4.72663 0.481387  -0.101163   -0.924481
   81.56     9.0562 4.69243 0.490727  -0.0820746   -0.895751
   81.62     9.04383 4.67294 0.484064  -0.0211081   -0.913185
   81.68     9.04461 4.65431 0.493466  -0.0233085   -0.898503
   81.74     9.04813 4.64799 0.481341  -0.0816772   -0.925599
   81.8     9.04215 4.61216 0.49058  -0.066811   -0.895018
   81.86     9.02938 4.59118 0.48386  -0.0139749   -0.911322
   81.92     9.0318 4.57439 0.493436  -0.0196177   -0.898672
   81.98     9.02919 4.56851 0.480916  -0.0876813   -0.92322
   82.04     9.03194 4.52914 0.489818  -0.0660706   -0.888653
   82.1     9.02783 4.50507 0.481075  -0.0197744   -0.900898
   82.16     9.03404 4.49819 0.492222  -0.0210842   -0.896655
   82.22     9.03294 4.50182 0.480755  -0.0732188   -0.929456
   82.28     9.03657 4.47206 0.49201  -0.0442664   -0.904719
   82.34     9.03487 4.45268 0.485703  -0.010748   -0.919474
   82.4     9.03447 4.42684 0.493315  -0.0195844   -0.898293
   82.46     9.03388 4.41302 0.481965  -0.0713837   -0.917666
   82.52     9.02414 4.37176 0.490273  -0.0431801   -0.880736
   82.58     9.01315 4.34962 0.489889  -0.00465717   -0.893305
   82.64     9.01566 4.33814 0.496365  -0.0246264   -0.88697
   82.7     9.0206 4.33862 0.480515  -0.0868418   -0.916386
   82.76     9.03466 4.30499 0.491542  -0.0652545   -0.887938
   82.82     9.04162 4.28708 0.483517  0.00380167   -0.905429
   82.88     9.0414 4.26664 0.493172  -0.0158358   -0.892905
   82.94     9.03813 4.25452 0.481855  -0.104082   -0.908369
   83     9.03473 4.21308 0.489783  -0.0554726   -0.872307
   83.06     9.0299 4.18907 0.489741  -0.00442734   -0.881554
   83.12     9.03932 4.17517 0.496586  -0.0212065   -0.874061
   83.18     9.04625 4.1705 0.48084  -0.125262   -0.893735
   83.24     9.05932 4.14058 0.490282  -0.0816984   -0.87056
   83.3     9.06407 4.12527 0.483404  0.022349   -0.891231
   83.36     9.06358 4.10773 0.492894  -0.00125505   -0.884765
   83.42     9.05994 4.09571 0.481525  -0.118391   -0.89929
   83.48     9.05302 4.05606 0.490614  -0.0750889   -0.866162
   83.54     9.04054 4.0307 0.481288  -0.00849004   -0.87567
   83.6     9.05081 4.01963 0.491186  -0.00104744   -0.871401
   83.66     9.05687 4.00942 0.49118  -0.0655017   -0.890373
   83.72     9.05475 3.97985 0.496432  -0.0328072   -0.871787
   83.78     9.04958 3.9618 0.483259  0.0356123   -0.889706
   83.84     9.06623 3.94278 0.493328  0.0280335   -0.876237
   83.9     9.07594 3.93181 0.48301  -0.0909427   -0.898716
   83.96     9.07073 3.89901 0.493222  -0.0494327   -0.876156
   84.02     9.06308 3.87744 0.483339  0.0303736   -0.889656
   84.08     9.07616 3.85921 0.493261  0.0311871   -0.875978
   84.14     9.08332 3.84939 0.482917  -0.086808   -0.900058
   84.2     9.07612 3.81715 0.493188  -0.0506521   -0.877481
   84.26     9.06725 3.79667 0.482853  0.0241749   -0.891956
   84.32     9.0795 3.77885 0.493187  0.0253218   -0.878304
   84.38     9.08574 3.76981 0.482685  -0.0873132   -0.901826
   84.44     9.0815 3.73736 0.491889  -0.0708181   -0.873986
   84.5     9.07052 3.71739 0.484158  0.00194011   -0.889488
   84.56     9.08079 3.69973 0.49345  0.0238628   -0.875083
   84.62     9.08526 3.69035 0.482579  -0.0761209   -0.898097
   84.68     9.08171 3.65791 0.491894  -0.058574   -0.870743
   84.74     9.07168 3.63834 0.484182  0.00552495   -0.88725
   84.8     9.08195 3.61866 0.493538  0.0324694   -0.872883
   84.86     9.08568 3.60614 0.482552  -0.0735969   -0.894854
   84.92     9.08228 3.56768 0.491309  -0.0513188   -0.864293
   84.98     9.07125 3.54351 0.482426  -0.00539835   -0.878376
   85.04     9.08259 3.52245 0.492197  -0.00423915   -0.864782
   85.1     9.08588 3.51133 0.48195  -0.0563839   -0.888988
   85.16     9.08063 3.47368 0.490805  -0.0271219   -0.856628
   85.22     9.0692 3.44948 0.481447  0.010755   -0.868118
   85.28     9.0809 3.43733 0.491193  -0.000635417   -0.865626
   85.34     9.09022 3.43205 0.480992  0.00102285   -0.888623
   85.4     9.09374 3.39695 0.490517  -0.0120143   -0.857419
   85.46     9.08495 3.37659 0.483911  0.0500865   -0.877504
   85.52     9.07582 3.35607 0.493529  0.0369762   -0.874216
   85.58     9.07851 3.33736 0.482601  -0.0299783   -0.888836
   85.64     9.06984 3.30198 0.490823  -0.0218939   -0.857612
   85.7     9.05419 3.28095 0.48198  0.0427897   -0.871528
   85.76     9.06442 3.27018 0.491612  0.0383402   -0.867534
   85.82     9.07905 3.26389 0.479215  0.0114576   -0.890262
   85.88     9.07712 3.23256 0.489362  0.00856554   -0.863542
   85.94     9.06577 3.21587 0.483356  0.0775957   -0.88221
   86     9.06247 3.19439 0.492438  0.065116   -0.869317
   86.06     9.06338 3.18337 0.48143  0.00136258   -0.896976
   86.12     9.05243 3.14661 0.49043  0.00455261   -0.864673
   86.18     9.03469 3.12403 0.482311  0.0595966   -0.876878
   86.24     9.0425 3.11349 0.492201  0.0636224   -0.870919
   86.3     9.05618 3.10859 0.479472  0.0457791   -0.894289
   86.36     9.05672 3.08008 0.489336  0.0408488   -0.869246
   86.42     9.04715 3.06593 0.483314  0.0970851   -0.889544
   86.48     9.04461 3.04784 0.492086  0.0804908   -0.878504
   86.54     9.04715 3.03986 0.481176  0.0114655   -0.91052
   86.6     9.03814 3.00514 0.490866  0.0292524   -0.877673
   86.66     9.02319 2.98547 0.48418  0.0910574   -0.89066
   86.72     9.02862 2.97209 0.493474  0.110877   -0.878996
   86.78     9.02823 2.96637 0.481231  0.00570597   -0.914579
   86.84     9.0366 2.92824 0.490328  0.0196207   -0.881441
   86.9     9.03539 2.90201 0.482342  0.0613785   -0.886088
   86.96     9.04283 2.88231 0.492218  0.0748081   -0.872204
   87.02     9.04834 2.86919 0.48132  0.00205318   -0.896931
   87.08     9.04263 2.83788 0.489783  0.0261121   -0.869969
   87.14     9.02807 2.81899 0.483943  0.080633   -0.881747
   87.2     9.03261 2.80176 0.492541  0.105771   -0.869516
   87.26     9.04399 2.78804 0.481772  0.0260044   -0.895354
   87.32     9.04048 2.74895 0.490736  0.042073   -0.861066
   87.38     9.02642 2.72554 0.483026  0.127853   -0.871029
   87.44     9.03521 2.70628 0.492486  0.139915   -0.858648
   87.5     9.04797 2.6915 0.481467  0.0462068   -0.888683
   87.56     9.04725 2.65863 0.49  0.0535419   -0.861853
   87.62     9.03611 2.64048 0.484149  0.127703   -0.874061
   87.68     9.04731 2.62383 0.493705  0.161572   -0.857386
   87.74     9.05189 2.61248 0.482014  0.0404527   -0.897161
   87.8     9.05407 2.57338 0.491011  0.0459647   -0.864725
   87.86     9.04769 2.54652 0.48207  0.0849605   -0.868488
   87.92     9.05727 2.52659 0.492177  0.106365   -0.850362
   87.98     9.05969 2.51536 0.481563  0.045123   -0.881847
   88.04     9.0566 2.4797 0.490161  0.0742654   -0.844512
   88.1     9.04512 2.45941 0.481843  0.129138   -0.857475
   88.16     9.05458 2.44086 0.491572  0.132021   -0.844366
   88.22     9.06213 2.43022 0.481027  0.0914125   -0.871252
   88.28     9.05376 2.395 0.490837  0.111718   -0.836503
   88.34     9.0382 2.37335 0.482696  0.177402   -0.842349
   88.4     9.04426 2.35669 0.492013  0.18788   -0.829878
   88.46     9.05279 2.34351 0.481056  0.191444   -0.843453
   88.52     9.04512 2.31176 0.491574  0.216035   -0.817718
   88.58     9.03716 2.28897 0.482079  0.237946   -0.82778
   88.64     9.05262 2.27687 0.491369  0.226402   -0.821044
   88.7     9.06081 2.27414 0.481357  0.235115   -0.847034
   88.76     9.05742 2.24406 0.494532  0.272822   -0.821386
   88.82     9.05778 2.21527 0.485937  0.270574   -0.831605
   88.88     9.08034 2.1949 0.49463  0.287268   -0.804626
   88.94     9.09671 2.1805 0.482444  0.154961   -0.86116
   89     9.1055 2.14402 0.48972  0.148861   -0.825291
   89.06     9.10497 2.12206 0.48268  0.212363   -0.827146
   89.12     9.10738 2.10002 0.487225  0.26169   -0.796081
   89.18     9.11027 2.08345 0.481803  0.167168   -0.844818
   89.24     9.10056 2.05356 0.48588  0.177148   -0.812109
   89.3     9.08147 2.03638 0.480903  0.235458   -0.812877
   89.36     9.07072 2.01971 0.492348  0.306539   -0.781355
   89.42     9.06757 2.00417 0.484672  0.274428   -0.807057
   89.48     9.05692 1.96945 0.491911  0.334507   -0.7554
   89.54     9.04564 1.94248 0.482748  0.401698   -0.736148
   89.6     9.04909 1.92608 0.495773  0.456722   -0.70876
   89.66     9.05988 1.90888 0.488338  0.444746   -0.728814
   89.72     9.06438 1.86413 0.497731  0.498243   -0.674487
   89.78     9.0693 1.82154 0.487864  0.576476   -0.61395
   89.84     9.09378 1.79287 0.498153  0.622521   -0.566841
   89.9     9.12361 1.76346 0.492056  0.63981   -0.529669
   89.96     9.14591 1.71101 0.498091  0.663529   -0.449774
   90.02     9.1607 1.66776 0.486038  0.723029   -0.356135
   90.08     9.17383 1.63329 0.494739  0.74363   -0.296972
   90.14     9.18341 1.60249 0.483862  0.745613   -0.297461
   90.2     9.18382 1.57313 0.492116  0.76801   -0.278058
   90.26     9.194 1.54371 0.489245  0.769208   -0.281638
   90.32     9.21077 1.53291 0.498107  0.757549   -0.321301
   90.38     9.22536 1.52454 0.482245  0.727531   -0.404312
   90.44     9.24377 1.50383 0.495547  0.694026   -0.445071
   90.5     9.26226 1.48221 0.485911  0.687829   -0.463544
   90.56     9.29099 1.47267 0.499441  0.652466   -0.519127
   90.62     9.32113 1.45992 0.490734  0.582216   -0.617321
   90.68     9.34326 1.41789 0.503919  0.559301   -0.629176
   90.74     9.36323 1.37426 0.497334  0.60153   -0.590628
   90.8     9.4152 1.33155 0.501937  0.562833   -0.575753
   90.86     9.4666 1.2903 0.488255  0.504844   -0.612181
   90.92     9.52034 1.23098 0.490109  0.447465   -0.587088
   90.98     9.56944 1.18401 0.488951  0.398171   -0.57997
   91.04     9.62047 1.15055 0.48998  0.356247   -0.5768
   91.1     9.66623 1.11112 0.474606  0.291879   -0.564337
   91.16     9.69278 1.06254 0.475135  0.249056   -0.542438
   91.22     9.72134 1.01502 0.460582  0.225134   -0.502381
   91.28     9.75586 0.973218 0.453061  0.234952   -0.453058
   91.34     9.7985 0.915458 0.433315  0.167033   -0.327757
   91.4     9.83651 0.86064 0.396005  0.0577162   -0.265356
   91.46     9.88907 0.803124 0.337017  -0.0624372   -0.116196
   91.52     9.94459 0.748117 0.262096  -0.184287   0.0416255
   91.58     9.99197 0.690433 0.151572  -0.529948   0.0362939
   91.64     10.0315 0.655719 0.0622928  -0.811109   -0.00116726
   91.7     10.047 0.659606 0.0635802  -0.880296   -0.158168
   91.76     10.0533 0.663638 0.0652756  -0.89956   -0.28427
   91.82     10.0591 0.663875 0.0625043  -0.892673   -0.418999
   91.88     10.0656 0.670486 0.0636419  -0.883591   -0.466911
   91.94     10.0765 0.671538 0.0638594  -0.870256   -0.48619
   92  